3.782787780761718750e+02 1.983796386718750000e+02 4.004675903320312500e+02 2.187267761230468750e+02
4.468798217773437500e+02 1.965980987548828125e+02 5.059986572265625000e+02 2.413501739501953125e+02
2.873806762695312500e+02 1.942474060058593750e+02 3.211830749511718750e+02 2.295707092285156250e+02
3.279146423339843750e+02 1.964514770507812500e+02 3.369694213867187500e+02 2.144533233642578125e+02
4.218522949218750000e+02 1.899376983642578125e+02 4.530081481933593750e+02 2.230320434570312500e+02
5.585568237304687500e+02 2.009354858398437500e+02 5.701049194335937500e+02 2.182481231689453125e+02
5.389432373046875000e+02 1.983397216796875000e+02 5.561508789062500000e+02 2.229047088623046875e+02
3.197555541992187500e+02 1.954389801025390625e+02 3.284112243652343750e+02 2.136415405273437500e+02
3.345237426757812500e+02 1.963643035888671875e+02 3.422695007324218750e+02 2.158333129882812500e+02
5.751989135742187500e+02 1.997397155761718750e+02 5.877171020507812500e+02 2.228073425292968750e+02
3.514759216308593750e+02 1.954621276855468750e+02 3.596328430175781250e+02 2.126676330566406250e+02
6.087561645507812500e+02 2.045047912597656250e+02 6.400000000000000000e+02 2.221842651367187500e+02
1.895657348632812500e+02 1.910467224121093750e+02 2.007013092041015625e+02 2.131042938232421875e+02
1.997918090820312500e+02 1.909826660156250000e+02 2.103244018554687500e+02 2.129449005126953125e+02
5.656962280273437500e+02 2.004332885742187500e+02 5.764522094726562500e+02 2.203437042236328125e+02
3.003169555664062500e+02 1.928888397216796875e+02 3.160444946289062500e+02 2.138487396240234375e+02
5.495118408203125000e+02 2.005034179687500000e+02 5.596135864257812500e+02 2.190246124267578125e+02
5.667698974609375000e+02 2.027078094482421875e+02 6.117091064453125000e+02 2.200442657470703125e+02
1.823117675781250000e+02 1.891062164306640625e+02 1.930687103271484375e+02 2.130854034423828125e+02
4.956079101562500000e+02 2.038389892578125000e+02 5.377324829101562500e+02 2.242330017089843750e+02
0.000000000000000000e+00 1.738354644775390625e+02 7.293324279785156250e+01 3.840000000000000000e+02
2.619180297851562500e+02 1.961551666259765625e+02 2.751548461914062500e+02 2.121364898681640625e+02
5.561289672851562500e+02 2.010947723388671875e+02 5.786752929687500000e+02 2.370973358154296875e+02
9.960449981689453125e+01 1.867541656494140625e+02 1.176913070678710938e+02 2.178468933105468750e+02
3.168707885742187500e+02 1.961915893554687500e+02 3.439551696777343750e+02 2.100368041992187500e+02
5.265192871093750000e+02 2.013971405029296875e+02 5.380480957031250000e+02 2.196038665771484375e+02
2.069316558837890625e+02 1.919879455566406250e+02 2.167992706298828125e+02 2.122887878417968750e+02
5.777334594726562500e+02 1.993053436279296875e+02 5.981945800781250000e+02 2.454379882812500000e+02
7.031733703613281250e+01 1.845224304199218750e+02 1.661176605224609375e+02 2.187036895751953125e+02
2.112706146240234375e+02 1.838205413818359375e+02 2.248188323974609375e+02 2.104348754882812500e+02
2.868076782226562500e+02 1.929019927978515625e+02 2.983126525878906250e+02 2.139913635253906250e+02
1.768868560791015625e+02 1.897452545166015625e+02 1.864833374023437500e+02 2.107964172363281250e+02
1.569668731689453125e+02 1.910812225341796875e+02 1.701244659423828125e+02 2.136617736816406250e+02
2.917312011718750000e+02 1.941520538330078125e+02 3.070147094726562500e+02 2.118784942626953125e+02
5.344624023437500000e+02 2.028402404785156250e+02 5.460681762695312500e+02 2.293610839843750000e+02
1.328556518554687500e+02 1.872350006103515625e+02 1.800555725097656250e+02 2.052149810791015625e+02
2.484225616455078125e+02 1.953869323730468750e+02 2.580177917480468750e+02 2.136571960449218750e+02
1.149844970703125000e+02 1.818543090820312500e+02 1.332601013183593750e+02 2.161145019531250000e+02
4.690310363769531250e+02 2.003537445068359375e+02 4.989405517578125000e+02 2.248122558593750000e+02
2.405470123291015625e+02 1.936717071533203125e+02 2.507651367187500000e+02 2.139664459228515625e+02
5.175458374023437500e+02 2.013302917480468750e+02 5.292907104492187500e+02 2.220951843261718750e+02
4.611355895996093750e+02 1.926850585937500000e+02 4.790516967773437500e+02 2.186656799316406250e+02
1.104015502929687500e+02 1.912851715087890625e+02 1.628000640869140625e+02 2.099843292236328125e+02
5.912152099609375000e+02 2.031495056152343750e+02 6.022868041992187500e+02 2.222113952636718750e+02
2.791077575683593750e+02 1.939153747558593750e+02 2.894888305664062500e+02 2.135865783691406250e+02
3.746595153808593750e+02 1.961111145019531250e+02 3.881200256347656250e+02 2.121905670166015625e+02
0.000000000000000000e+00 1.873909301757812500e+02 5.855654525756835938e+01 2.100136718750000000e+02
3.446522216796875000e+02 1.969978027343750000e+02 3.540111694335937500e+02 2.126976470947265625e+02
5.817723388671875000e+02 1.913197937011718750e+02 6.400000000000000000e+02 2.290286560058593750e+02
1.768220520019531250e+02 1.887789764404296875e+02 2.223372039794921875e+02 2.088343200683593750e+02
4.392124023437500000e+02 2.002565612792968750e+02 4.738502807617187500e+02 2.291638031005859375e+02
5.162752075195312500e+02 1.975341644287109375e+02 5.507263183593750000e+02 2.150784912109375000e+02
5.285830688476562500e+02 1.882149047851562500e+02 5.674110717773437500e+02 2.087318725585937500e+02
4.785586853027343750e+02 1.962249145507812500e+02 4.890368347167968750e+02 2.158899993896484375e+02
6.685589599609375000e+01 1.929233398437500000e+02 1.046580810546875000e+02 2.099607696533203125e+02
5.532231445312500000e+02 1.973889160156250000e+02 5.908988037109375000e+02 2.154174499511718750e+02
4.899595336914062500e+02 2.029320678710937500e+02 5.114243469238281250e+02 2.219228363037109375e+02
1.437244873046875000e+02 1.872821655273437500e+02 1.612200164794921875e+02 2.219257507324218750e+02
4.172447509765625000e+02 1.973496551513671875e+02 4.352656860351562500e+02 2.109134826660156250e+02
4.858929748535156250e+02 1.967585144042968750e+02 4.974656677246093750e+02 2.160402221679687500e+02
2.701503295898437500e+02 1.946239471435546875e+02 2.835916137695312500e+02 2.128247375488281250e+02
0.000000000000000000e+00 2.200111846923828125e+02 4.845032501220703125e+01 2.488523406982421875e+02
1.420881271362304688e+00 2.442667236328125000e+02 2.119843482971191406e+01 2.867012329101562500e+02
2.127503204345703125e+01 1.952864532470703125e+02 6.924953460693359375e+01 2.901726074218750000e+02
3.588528442382812500e+02 1.957640380859375000e+02 3.686130676269531250e+02 2.113589477539062500e+02
4.443210449218750000e+02 2.036435089111328125e+02 4.608431396484375000e+02 2.194538574218750000e+02
5.456583862304687500e+02 2.103583526611328125e+02 5.649877929687500000e+02 2.246203613281250000e+02
5.408449096679687500e+02 1.879986877441406250e+02 5.520822143554687500e+02 2.113878936767578125e+02
4.361130371093750000e+02 1.964984893798828125e+02 4.654049987792968750e+02 2.122690429687500000e+02
1.334729156494140625e+02 1.859248962402343750e+02 1.455681457519531250e+02 2.119008026123046875e+02
5.020880432128906250e+02 1.881750183105468750e+02 5.130123901367187500e+02 2.047783355712890625e+02
1.669781036376953125e+02 1.891580963134765625e+02 1.757848968505859375e+02 2.099442443847656250e+02
1.265639495849609375e+02 1.862639770507812500e+02 1.389179840087890625e+02 2.112448883056640625e+02
5.827046508789062500e+02 2.108252563476562500e+02 6.085130615234375000e+02 2.249590454101562500e+02
5.318402709960937500e+02 2.098732910156250000e+02 6.009993896484375000e+02 2.447762908935546875e+02
6.308025512695312500e+02 2.025170135498046875e+02 6.400000000000000000e+02 2.233318176269531250e+02
5.619672851562500000e+02 2.111782989501953125e+02 5.829208374023437500e+02 2.252447052001953125e+02
5.962805786132812500e+02 2.047805023193359375e+02 6.254905395507812500e+02 2.349952545166015625e+02
1.119895839691162109e+01 1.596329803466796875e+02 1.491523132324218750e+02 2.106220550537109375e+02
4.135693054199218750e+02 2.032397460937500000e+02 4.288273620605468750e+02 2.165650024414062500e+02
9.418215179443359375e+01 1.907154846191406250e+02 1.073285980224609375e+02 2.155607452392578125e+02
5.414075317382812500e+02 2.089886016845703125e+02 5.528451538085937500e+02 2.389099426269531250e+02
3.082218933105468750e+02 1.992702178955078125e+02 3.220424499511718750e+02 2.189451446533203125e+02
4.995430908203125000e+02 2.088605499267578125e+02 5.159025268554687500e+02 2.375905761718750000e+02
6.202493896484375000e+02 2.087052917480468750e+02 6.380885009765625000e+02 2.489812774658203125e+02
2.624043273925781250e+02 1.907377929687500000e+02 2.989375000000000000e+02 2.119162445068359375e+02
4.491270446777343750e+02 1.899146728515625000e+02 4.751749572753906250e+02 2.069574279785156250e+02
1.975517883300781250e+02 1.793237915039062500e+02 2.094707946777343750e+02 2.029107055664062500e+02
4.063378295898437500e+02 1.984864196777343750e+02 4.194353637695312500e+02 2.099597625732421875e+02
4.808281326293945312e+01 1.877188720703125000e+02 8.751464080810546875e+01 2.070344085693359375e+02
5.089823303222656250e+02 2.074644927978515625e+02 5.214584350585937500e+02 2.295979919433593750e+02
3.647227172851562500e+02 1.975977783203125000e+02 3.807301025390625000e+02 2.088946533203125000e+02
3.481564025878906250e+02 1.844766998291015625e+02 3.653009643554687500e+02 2.123371734619140625e+02
2.554788055419921875e+02 1.913139495849609375e+02 2.822421569824218750e+02 2.042747650146484375e+02
1.444829254150390625e+02 1.756734008789062500e+02 1.926925964355468750e+02 2.002728271484375000e+02
8.583383941650390625e+01 1.989594879150390625e+02 1.215872650146484375e+02 2.247704620361328125e+02
2.266915740966796875e+02 1.893093719482421875e+02 2.671081542968750000e+02 2.081273193359375000e+02
1.032080650329589844e+01 1.767563476562500000e+02 3.371091842651367188e+01 2.221171112060546875e+02
4.948444824218750000e+02 1.903646850585937500e+02 5.062496337890625000e+02 2.047085723876953125e+02
4.994689331054687500e+02 1.882246704101562500e+02 5.455684814453125000e+02 2.069603118896484375e+02
0.000000000000000000e+00 1.687497711181640625e+02 7.375241088867187500e+01 1.991158599853515625e+02
5.122421875000000000e+02 2.079936218261718750e+02 5.542760620117187500e+02 2.407020111083984375e+02
-1.000000000000000000e+00 -1.000000000000000000e+00 -1.000000000000000000e+00 -1.000000000000000000e+00
-1.000000000000000000e+00 -1.000000000000000000e+00 -1.000000000000000000e+00 -1.000000000000000000e+00
-1.000000000000000000e+00 -1.000000000000000000e+00 -1.000000000000000000e+00 -1.000000000000000000e+00
-1.000000000000000000e+00 -1.000000000000000000e+00 -1.000000000000000000e+00 -1.000000000000000000e+00
-1.000000000000000000e+00 -1.000000000000000000e+00 -1.000000000000000000e+00 -1.000000000000000000e+00
-1.000000000000000000e+00 -1.000000000000000000e+00 -1.000000000000000000e+00 -1.000000000000000000e+00
-1.000000000000000000e+00 -1.000000000000000000e+00 -1.000000000000000000e+00 -1.000000000000000000e+00
-1.000000000000000000e+00 -1.000000000000000000e+00 -1.000000000000000000e+00 -1.000000000000000000e+00
-1.000000000000000000e+00 -1.000000000000000000e+00 -1.000000000000000000e+00 -1.000000000000000000e+00
-1.000000000000000000e+00 -1.000000000000000000e+00 -1.000000000000000000e+00 -1.000000000000000000e+00
-1.000000000000000000e+00 -1.000000000000000000e+00 -1.000000000000000000e+00 -1.000000000000000000e+00
-1.000000000000000000e+00 -1.000000000000000000e+00 -1.000000000000000000e+00 -1.000000000000000000e+00
-1.000000000000000000e+00 -1.000000000000000000e+00 -1.000000000000000000e+00 -1.000000000000000000e+00
-1.000000000000000000e+00 -1.000000000000000000e+00 -1.000000000000000000e+00 -1.000000000000000000e+00
-1.000000000000000000e+00 -1.000000000000000000e+00 -1.000000000000000000e+00 -1.000000000000000000e+00
-1.000000000000000000e+00 -1.000000000000000000e+00 -1.000000000000000000e+00 -1.000000000000000000e+00
-1.000000000000000000e+00 -1.000000000000000000e+00 -1.000000000000000000e+00 -1.000000000000000000e+00
-1.000000000000000000e+00 -1.000000000000000000e+00 -1.000000000000000000e+00 -1.000000000000000000e+00
-1.000000000000000000e+00 -1.000000000000000000e+00 -1.000000000000000000e+00 -1.000000000000000000e+00
-1.000000000000000000e+00 -1.000000000000000000e+00 -1.000000000000000000e+00 -1.000000000000000000e+00
-1.000000000000000000e+00 -1.000000000000000000e+00 -1.000000000000000000e+00 -1.000000000000000000e+00
-1.000000000000000000e+00 -1.000000000000000000e+00 -1.000000000000000000e+00 -1.000000000000000000e+00
-1.000000000000000000e+00 -1.000000000000000000e+00 -1.000000000000000000e+00 -1.000000000000000000e+00
-1.000000000000000000e+00 -1.000000000000000000e+00 -1.000000000000000000e+00 -1.000000000000000000e+00
-1.000000000000000000e+00 -1.000000000000000000e+00 -1.000000000000000000e+00 -1.000000000000000000e+00
-1.000000000000000000e+00 -1.000000000000000000e+00 -1.000000000000000000e+00 -1.000000000000000000e+00
-1.000000000000000000e+00 -1.000000000000000000e+00 -1.000000000000000000e+00 -1.000000000000000000e+00
-1.000000000000000000e+00 -1.000000000000000000e+00 -1.000000000000000000e+00 -1.000000000000000000e+00
-1.000000000000000000e+00 -1.000000000000000000e+00 -1.000000000000000000e+00 -1.000000000000000000e+00
-1.000000000000000000e+00 -1.000000000000000000e+00 -1.000000000000000000e+00 -1.000000000000000000e+00
-1.000000000000000000e+00 -1.000000000000000000e+00 -1.000000000000000000e+00 -1.000000000000000000e+00
-1.000000000000000000e+00 -1.000000000000000000e+00 -1.000000000000000000e+00 -1.000000000000000000e+00
-1.000000000000000000e+00 -1.000000000000000000e+00 -1.000000000000000000e+00 -1.000000000000000000e+00
-1.000000000000000000e+00 -1.000000000000000000e+00 -1.000000000000000000e+00 -1.000000000000000000e+00
-1.000000000000000000e+00 -1.000000000000000000e+00 -1.000000000000000000e+00 -1.000000000000000000e+00
-1.000000000000000000e+00 -1.000000000000000000e+00 -1.000000000000000000e+00 -1.000000000000000000e+00
-1.000000000000000000e+00 -1.000000000000000000e+00 -1.000000000000000000e+00 -1.000000000000000000e+00
-1.000000000000000000e+00 -1.000000000000000000e+00 -1.000000000000000000e+00 -1.000000000000000000e+00
-1.000000000000000000e+00 -1.000000000000000000e+00 -1.000000000000000000e+00 -1.000000000000000000e+00
-1.000000000000000000e+00 -1.000000000000000000e+00 -1.000000000000000000e+00 -1.000000000000000000e+00
-1.000000000000000000e+00 -1.000000000000000000e+00 -1.000000000000000000e+00 -1.000000000000000000e+00
-1.000000000000000000e+00 -1.000000000000000000e+00 -1.000000000000000000e+00 -1.000000000000000000e+00
-1.000000000000000000e+00 -1.000000000000000000e+00 -1.000000000000000000e+00 -1.000000000000000000e+00
-1.000000000000000000e+00 -1.000000000000000000e+00 -1.000000000000000000e+00 -1.000000000000000000e+00
-1.000000000000000000e+00 -1.000000000000000000e+00 -1.000000000000000000e+00 -1.000000000000000000e+00
-1.000000000000000000e+00 -1.000000000000000000e+00 -1.000000000000000000e+00 -1.000000000000000000e+00
-1.000000000000000000e+00 -1.000000000000000000e+00 -1.000000000000000000e+00 -1.000000000000000000e+00
-1.000000000000000000e+00 -1.000000000000000000e+00 -1.000000000000000000e+00 -1.000000000000000000e+00
-1.000000000000000000e+00 -1.000000000000000000e+00 -1.000000000000000000e+00 -1.000000000000000000e+00
-1.000000000000000000e+00 -1.000000000000000000e+00 -1.000000000000000000e+00 -1.000000000000000000e+00
-1.000000000000000000e+00 -1.000000000000000000e+00 -1.000000000000000000e+00 -1.000000000000000000e+00
-1.000000000000000000e+00 -1.000000000000000000e+00 -1.000000000000000000e+00 -1.000000000000000000e+00
-1.000000000000000000e+00 -1.000000000000000000e+00 -1.000000000000000000e+00 -1.000000000000000000e+00
-1.000000000000000000e+00 -1.000000000000000000e+00 -1.000000000000000000e+00 -1.000000000000000000e+00
-1.000000000000000000e+00 -1.000000000000000000e+00 -1.000000000000000000e+00 -1.000000000000000000e+00
-1.000000000000000000e+00 -1.000000000000000000e+00 -1.000000000000000000e+00 -1.000000000000000000e+00
-1.000000000000000000e+00 -1.000000000000000000e+00 -1.000000000000000000e+00 -1.000000000000000000e+00
-1.000000000000000000e+00 -1.000000000000000000e+00 -1.000000000000000000e+00 -1.000000000000000000e+00
-1.000000000000000000e+00 -1.000000000000000000e+00 -1.000000000000000000e+00 -1.000000000000000000e+00
-1.000000000000000000e+00 -1.000000000000000000e+00 -1.000000000000000000e+00 -1.000000000000000000e+00
-1.000000000000000000e+00 -1.000000000000000000e+00 -1.000000000000000000e+00 -1.000000000000000000e+00
-1.000000000000000000e+00 -1.000000000000000000e+00 -1.000000000000000000e+00 -1.000000000000000000e+00
-1.000000000000000000e+00 -1.000000000000000000e+00 -1.000000000000000000e+00 -1.000000000000000000e+00
-1.000000000000000000e+00 -1.000000000000000000e+00 -1.000000000000000000e+00 -1.000000000000000000e+00
-1.000000000000000000e+00 -1.000000000000000000e+00 -1.000000000000000000e+00 -1.000000000000000000e+00
-1.000000000000000000e+00 -1.000000000000000000e+00 -1.000000000000000000e+00 -1.000000000000000000e+00
-1.000000000000000000e+00 -1.000000000000000000e+00 -1.000000000000000000e+00 -1.000000000000000000e+00
-1.000000000000000000e+00 -1.000000000000000000e+00 -1.000000000000000000e+00 -1.000000000000000000e+00
-1.000000000000000000e+00 -1.000000000000000000e+00 -1.000000000000000000e+00 -1.000000000000000000e+00
-1.000000000000000000e+00 -1.000000000000000000e+00 -1.000000000000000000e+00 -1.000000000000000000e+00
-1.000000000000000000e+00 -1.000000000000000000e+00 -1.000000000000000000e+00 -1.000000000000000000e+00
-1.000000000000000000e+00 -1.000000000000000000e+00 -1.000000000000000000e+00 -1.000000000000000000e+00
-1.000000000000000000e+00 -1.000000000000000000e+00 -1.000000000000000000e+00 -1.000000000000000000e+00
-1.000000000000000000e+00 -1.000000000000000000e+00 -1.000000000000000000e+00 -1.000000000000000000e+00
-1.000000000000000000e+00 -1.000000000000000000e+00 -1.000000000000000000e+00 -1.000000000000000000e+00
-1.000000000000000000e+00 -1.000000000000000000e+00 -1.000000000000000000e+00 -1.000000000000000000e+00
-1.000000000000000000e+00 -1.000000000000000000e+00 -1.000000000000000000e+00 -1.000000000000000000e+00
-1.000000000000000000e+00 -1.000000000000000000e+00 -1.000000000000000000e+00 -1.000000000000000000e+00
-1.000000000000000000e+00 -1.000000000000000000e+00 -1.000000000000000000e+00 -1.000000000000000000e+00
-1.000000000000000000e+00 -1.000000000000000000e+00 -1.000000000000000000e+00 -1.000000000000000000e+00
-1.000000000000000000e+00 -1.000000000000000000e+00 -1.000000000000000000e+00 -1.000000000000000000e+00
-1.000000000000000000e+00 -1.000000000000000000e+00 -1.000000000000000000e+00 -1.000000000000000000e+00
-1.000000000000000000e+00 -1.000000000000000000e+00 -1.000000000000000000e+00 -1.000000000000000000e+00
-1.000000000000000000e+00 -1.000000000000000000e+00 -1.000000000000000000e+00 -1.000000000000000000e+00
-1.000000000000000000e+00 -1.000000000000000000e+00 -1.000000000000000000e+00 -1.000000000000000000e+00
-1.000000000000000000e+00 -1.000000000000000000e+00 -1.000000000000000000e+00 -1.000000000000000000e+00
-1.000000000000000000e+00 -1.000000000000000000e+00 -1.000000000000000000e+00 -1.000000000000000000e+00
-1.000000000000000000e+00 -1.000000000000000000e+00 -1.000000000000000000e+00 -1.000000000000000000e+00
-1.000000000000000000e+00 -1.000000000000000000e+00 -1.000000000000000000e+00 -1.000000000000000000e+00
-1.000000000000000000e+00 -1.000000000000000000e+00 -1.000000000000000000e+00 -1.000000000000000000e+00
-1.000000000000000000e+00 -1.000000000000000000e+00 -1.000000000000000000e+00 -1.000000000000000000e+00
-1.000000000000000000e+00 -1.000000000000000000e+00 -1.000000000000000000e+00 -1.000000000000000000e+00
-1.000000000000000000e+00 -1.000000000000000000e+00 -1.000000000000000000e+00 -1.000000000000000000e+00
-1.000000000000000000e+00 -1.000000000000000000e+00 -1.000000000000000000e+00 -1.000000000000000000e+00
-1.000000000000000000e+00 -1.000000000000000000e+00 -1.000000000000000000e+00 -1.000000000000000000e+00
-1.000000000000000000e+00 -1.000000000000000000e+00 -1.000000000000000000e+00 -1.000000000000000000e+00
-1.000000000000000000e+00 -1.000000000000000000e+00 -1.000000000000000000e+00 -1.000000000000000000e+00
-1.000000000000000000e+00 -1.000000000000000000e+00 -1.000000000000000000e+00 -1.000000000000000000e+00
-1.000000000000000000e+00 -1.000000000000000000e+00 -1.000000000000000000e+00 -1.000000000000000000e+00
-1.000000000000000000e+00 -1.000000000000000000e+00 -1.000000000000000000e+00 -1.000000000000000000e+00
-1.000000000000000000e+00 -1.000000000000000000e+00 -1.000000000000000000e+00 -1.000000000000000000e+00
-1.000000000000000000e+00 -1.000000000000000000e+00 -1.000000000000000000e+00 -1.000000000000000000e+00
-1.000000000000000000e+00 -1.000000000000000000e+00 -1.000000000000000000e+00 -1.000000000000000000e+00
-1.000000000000000000e+00 -1.000000000000000000e+00 -1.000000000000000000e+00 -1.000000000000000000e+00
-1.000000000000000000e+00 -1.000000000000000000e+00 -1.000000000000000000e+00 -1.000000000000000000e+00
-1.000000000000000000e+00 -1.000000000000000000e+00 -1.000000000000000000e+00 -1.000000000000000000e+00
-1.000000000000000000e+00 -1.000000000000000000e+00 -1.000000000000000000e+00 -1.000000000000000000e+00
-1.000000000000000000e+00 -1.000000000000000000e+00 -1.000000000000000000e+00 -1.000000000000000000e+00
-1.000000000000000000e+00 -1.000000000000000000e+00 -1.000000000000000000e+00 -1.000000000000000000e+00
-1.000000000000000000e+00 -1.000000000000000000e+00 -1.000000000000000000e+00 -1.000000000000000000e+00
-1.000000000000000000e+00 -1.000000000000000000e+00 -1.000000000000000000e+00 -1.000000000000000000e+00
-1.000000000000000000e+00 -1.000000000000000000e+00 -1.000000000000000000e+00 -1.000000000000000000e+00
-1.000000000000000000e+00 -1.000000000000000000e+00 -1.000000000000000000e+00 -1.000000000000000000e+00
-1.000000000000000000e+00 -1.000000000000000000e+00 -1.000000000000000000e+00 -1.000000000000000000e+00
-1.000000000000000000e+00 -1.000000000000000000e+00 -1.000000000000000000e+00 -1.000000000000000000e+00
-1.000000000000000000e+00 -1.000000000000000000e+00 -1.000000000000000000e+00 -1.000000000000000000e+00
-1.000000000000000000e+00 -1.000000000000000000e+00 -1.000000000000000000e+00 -1.000000000000000000e+00
-1.000000000000000000e+00 -1.000000000000000000e+00 -1.000000000000000000e+00 -1.000000000000000000e+00
-1.000000000000000000e+00 -1.000000000000000000e+00 -1.000000000000000000e+00 -1.000000000000000000e+00
-1.000000000000000000e+00 -1.000000000000000000e+00 -1.000000000000000000e+00 -1.000000000000000000e+00
-1.000000000000000000e+00 -1.000000000000000000e+00 -1.000000000000000000e+00 -1.000000000000000000e+00
-1.000000000000000000e+00 -1.000000000000000000e+00 -1.000000000000000000e+00 -1.000000000000000000e+00
-1.000000000000000000e+00 -1.000000000000000000e+00 -1.000000000000000000e+00 -1.000000000000000000e+00
-1.000000000000000000e+00 -1.000000000000000000e+00 -1.000000000000000000e+00 -1.000000000000000000e+00
-1.000000000000000000e+00 -1.000000000000000000e+00 -1.000000000000000000e+00 -1.000000000000000000e+00
-1.000000000000000000e+00 -1.000000000000000000e+00 -1.000000000000000000e+00 -1.000000000000000000e+00
-1.000000000000000000e+00 -1.000000000000000000e+00 -1.000000000000000000e+00 -1.000000000000000000e+00
-1.000000000000000000e+00 -1.000000000000000000e+00 -1.000000000000000000e+00 -1.000000000000000000e+00
-1.000000000000000000e+00 -1.000000000000000000e+00 -1.000000000000000000e+00 -1.000000000000000000e+00
-1.000000000000000000e+00 -1.000000000000000000e+00 -1.000000000000000000e+00 -1.000000000000000000e+00
-1.000000000000000000e+00 -1.000000000000000000e+00 -1.000000000000000000e+00 -1.000000000000000000e+00
-1.000000000000000000e+00 -1.000000000000000000e+00 -1.000000000000000000e+00 -1.000000000000000000e+00
-1.000000000000000000e+00 -1.000000000000000000e+00 -1.000000000000000000e+00 -1.000000000000000000e+00
-1.000000000000000000e+00 -1.000000000000000000e+00 -1.000000000000000000e+00 -1.000000000000000000e+00
-1.000000000000000000e+00 -1.000000000000000000e+00 -1.000000000000000000e+00 -1.000000000000000000e+00
-1.000000000000000000e+00 -1.000000000000000000e+00 -1.000000000000000000e+00 -1.000000000000000000e+00
-1.000000000000000000e+00 -1.000000000000000000e+00 -1.000000000000000000e+00 -1.000000000000000000e+00
-1.000000000000000000e+00 -1.000000000000000000e+00 -1.000000000000000000e+00 -1.000000000000000000e+00
-1.000000000000000000e+00 -1.000000000000000000e+00 -1.000000000000000000e+00 -1.000000000000000000e+00
-1.000000000000000000e+00 -1.000000000000000000e+00 -1.000000000000000000e+00 -1.000000000000000000e+00
-1.000000000000000000e+00 -1.000000000000000000e+00 -1.000000000000000000e+00 -1.000000000000000000e+00
-1.000000000000000000e+00 -1.000000000000000000e+00 -1.000000000000000000e+00 -1.000000000000000000e+00
-1.000000000000000000e+00 -1.000000000000000000e+00 -1.000000000000000000e+00 -1.000000000000000000e+00
-1.000000000000000000e+00 -1.000000000000000000e+00 -1.000000000000000000e+00 -1.000000000000000000e+00
-1.000000000000000000e+00 -1.000000000000000000e+00 -1.000000000000000000e+00 -1.000000000000000000e+00
-1.000000000000000000e+00 -1.000000000000000000e+00 -1.000000000000000000e+00 -1.000000000000000000e+00
-1.000000000000000000e+00 -1.000000000000000000e+00 -1.000000000000000000e+00 -1.000000000000000000e+00
-1.000000000000000000e+00 -1.000000000000000000e+00 -1.000000000000000000e+00 -1.000000000000000000e+00
-1.000000000000000000e+00 -1.000000000000000000e+00 -1.000000000000000000e+00 -1.000000000000000000e+00
-1.000000000000000000e+00 -1.000000000000000000e+00 -1.000000000000000000e+00 -1.000000000000000000e+00
-1.000000000000000000e+00 -1.000000000000000000e+00 -1.000000000000000000e+00 -1.000000000000000000e+00
-1.000000000000000000e+00 -1.000000000000000000e+00 -1.000000000000000000e+00 -1.000000000000000000e+00
-1.000000000000000000e+00 -1.000000000000000000e+00 -1.000000000000000000e+00 -1.000000000000000000e+00
-1.000000000000000000e+00 -1.000000000000000000e+00 -1.000000000000000000e+00 -1.000000000000000000e+00
-1.000000000000000000e+00 -1.000000000000000000e+00 -1.000000000000000000e+00 -1.000000000000000000e+00
-1.000000000000000000e+00 -1.000000000000000000e+00 -1.000000000000000000e+00 -1.000000000000000000e+00
-1.000000000000000000e+00 -1.000000000000000000e+00 -1.000000000000000000e+00 -1.000000000000000000e+00
-1.000000000000000000e+00 -1.000000000000000000e+00 -1.000000000000000000e+00 -1.000000000000000000e+00
-1.000000000000000000e+00 -1.000000000000000000e+00 -1.000000000000000000e+00 -1.000000000000000000e+00
-1.000000000000000000e+00 -1.000000000000000000e+00 -1.000000000000000000e+00 -1.000000000000000000e+00
-1.000000000000000000e+00 -1.000000000000000000e+00 -1.000000000000000000e+00 -1.000000000000000000e+00
-1.000000000000000000e+00 -1.000000000000000000e+00 -1.000000000000000000e+00 -1.000000000000000000e+00
-1.000000000000000000e+00 -1.000000000000000000e+00 -1.000000000000000000e+00 -1.000000000000000000e+00
-1.000000000000000000e+00 -1.000000000000000000e+00 -1.000000000000000000e+00 -1.000000000000000000e+00
-1.000000000000000000e+00 -1.000000000000000000e+00 -1.000000000000000000e+00 -1.000000000000000000e+00
-1.000000000000000000e+00 -1.000000000000000000e+00 -1.000000000000000000e+00 -1.000000000000000000e+00
-1.000000000000000000e+00 -1.000000000000000000e+00 -1.000000000000000000e+00 -1.000000000000000000e+00
-1.000000000000000000e+00 -1.000000000000000000e+00 -1.000000000000000000e+00 -1.000000000000000000e+00
-1.000000000000000000e+00 -1.000000000000000000e+00 -1.000000000000000000e+00 -1.000000000000000000e+00
-1.000000000000000000e+00 -1.000000000000000000e+00 -1.000000000000000000e+00 -1.000000000000000000e+00
-1.000000000000000000e+00 -1.000000000000000000e+00 -1.000000000000000000e+00 -1.000000000000000000e+00
-1.000000000000000000e+00 -1.000000000000000000e+00 -1.000000000000000000e+00 -1.000000000000000000e+00
-1.000000000000000000e+00 -1.000000000000000000e+00 -1.000000000000000000e+00 -1.000000000000000000e+00
-1.000000000000000000e+00 -1.000000000000000000e+00 -1.000000000000000000e+00 -1.000000000000000000e+00
-1.000000000000000000e+00 -1.000000000000000000e+00 -1.000000000000000000e+00 -1.000000000000000000e+00
-1.000000000000000000e+00 -1.000000000000000000e+00 -1.000000000000000000e+00 -1.000000000000000000e+00
-1.000000000000000000e+00 -1.000000000000000000e+00 -1.000000000000000000e+00 -1.000000000000000000e+00
-1.000000000000000000e+00 -1.000000000000000000e+00 -1.000000000000000000e+00 -1.000000000000000000e+00
-1.000000000000000000e+00 -1.000000000000000000e+00 -1.000000000000000000e+00 -1.000000000000000000e+00
-1.000000000000000000e+00 -1.000000000000000000e+00 -1.000000000000000000e+00 -1.000000000000000000e+00
-1.000000000000000000e+00 -1.000000000000000000e+00 -1.000000000000000000e+00 -1.000000000000000000e+00
-1.000000000000000000e+00 -1.000000000000000000e+00 -1.000000000000000000e+00 -1.000000000000000000e+00
-1.000000000000000000e+00 -1.000000000000000000e+00 -1.000000000000000000e+00 -1.000000000000000000e+00
-1.000000000000000000e+00 -1.000000000000000000e+00 -1.000000000000000000e+00 -1.000000000000000000e+00
-1.000000000000000000e+00 -1.000000000000000000e+00 -1.000000000000000000e+00 -1.000000000000000000e+00
-1.000000000000000000e+00 -1.000000000000000000e+00 -1.000000000000000000e+00 -1.000000000000000000e+00
-1.000000000000000000e+00 -1.000000000000000000e+00 -1.000000000000000000e+00 -1.000000000000000000e+00
-1.000000000000000000e+00 -1.000000000000000000e+00 -1.000000000000000000e+00 -1.000000000000000000e+00
-1.000000000000000000e+00 -1.000000000000000000e+00 -1.000000000000000000e+00 -1.000000000000000000e+00
-1.000000000000000000e+00 -1.000000000000000000e+00 -1.000000000000000000e+00 -1.000000000000000000e+00
-1.000000000000000000e+00 -1.000000000000000000e+00 -1.000000000000000000e+00 -1.000000000000000000e+00
-1.000000000000000000e+00 -1.000000000000000000e+00 -1.000000000000000000e+00 -1.000000000000000000e+00
-1.000000000000000000e+00 -1.000000000000000000e+00 -1.000000000000000000e+00 -1.000000000000000000e+00
-1.000000000000000000e+00 -1.000000000000000000e+00 -1.000000000000000000e+00 -1.000000000000000000e+00
-1.000000000000000000e+00 -1.000000000000000000e+00 -1.000000000000000000e+00 -1.000000000000000000e+00
-1.000000000000000000e+00 -1.000000000000000000e+00 -1.000000000000000000e+00 -1.000000000000000000e+00
-1.000000000000000000e+00 -1.000000000000000000e+00 -1.000000000000000000e+00 -1.000000000000000000e+00
-1.000000000000000000e+00 -1.000000000000000000e+00 -1.000000000000000000e+00 -1.000000000000000000e+00
