9.744304418563842773e-01
9.709144830703735352e-01
9.259520769119262695e-01
7.541811466217041016e-01
6.529261469841003418e-01
5.788460373878479004e-01
5.655220746994018555e-01
5.651116967201232910e-01
5.287328958511352539e-01
5.151129364967346191e-01
4.666897654533386230e-01
4.632345139980316162e-01
4.293304085731506348e-01
3.679839670658111572e-01
3.146234750747680664e-01
3.103670477867126465e-01
3.086303472518920898e-01
2.920722961425781250e-01
2.426389455795288086e-01
2.315327823162078857e-01
2.226533591747283936e-01
2.225520908832550049e-01
2.144578397274017334e-01
1.907337307929992676e-01
1.877195239067077637e-01
1.848511099815368652e-01
1.828059852123260498e-01
1.799896061420440674e-01
1.719833612442016602e-01
1.642169952392578125e-01
1.626619100570678711e-01
1.619430184364318848e-01
1.619001626968383789e-01
1.581462621688842773e-01
1.492213606834411621e-01
1.477166712284088135e-01
1.366285085678100586e-01
1.313211023807525635e-01
1.293970942497253418e-01
1.288073658943176270e-01
1.273171901702880859e-01
1.189705729484558105e-01
1.171742379665374756e-01
1.154880523681640625e-01
1.141317188739776611e-01
1.137390732765197754e-01
1.125890314579010010e-01
1.124524176120758057e-01
1.119395494461059570e-01
1.116637885570526123e-01
1.112552285194396973e-01
1.095012426376342773e-01
1.047466397285461426e-01
1.042435169219970703e-01
1.027652621269226074e-01
1.015862524509429932e-01
9.870144724845886230e-02
9.663128852844238281e-02
9.269499778747558594e-02
8.816173672676086426e-02
8.747917413711547852e-02
8.694511651992797852e-02
8.082634210586547852e-02
7.940325140953063965e-02
7.850983738899230957e-02
7.763448357582092285e-02
7.623279094696044922e-02
7.552996277809143066e-02
7.504966855049133301e-02
7.480025291442871094e-02
7.357490062713623047e-02
7.308876514434814453e-02
7.298713922500610352e-02
7.158955931663513184e-02
7.111015915870666504e-02
6.906360387802124023e-02
6.902039051055908203e-02
6.794607639312744141e-02
6.727713346481323242e-02
6.723183393478393555e-02
6.674343347549438477e-02
6.615698337554931641e-02
6.450107693672180176e-02
6.411018967628479004e-02
6.266370415687561035e-02
6.167307496070861816e-02
6.141364574432373047e-02
6.059750914573669434e-02
5.733838677406311035e-02
5.651500821113586426e-02
5.530878901481628418e-02
5.513781309127807617e-02
5.499830842018127441e-02
5.373448133468627930e-02
5.359095335006713867e-02
5.344590544700622559e-02
5.224078893661499023e-02
5.177631974220275879e-02
5.146065354347229004e-02
5.047780275344848633e-02
5.046802759170532227e-02
5.010446906089782715e-02
-1.000000000000000000e+00
-1.000000000000000000e+00
-1.000000000000000000e+00
-1.000000000000000000e+00
-1.000000000000000000e+00
-1.000000000000000000e+00
-1.000000000000000000e+00
-1.000000000000000000e+00
-1.000000000000000000e+00
-1.000000000000000000e+00
-1.000000000000000000e+00
-1.000000000000000000e+00
-1.000000000000000000e+00
-1.000000000000000000e+00
-1.000000000000000000e+00
-1.000000000000000000e+00
-1.000000000000000000e+00
-1.000000000000000000e+00
-1.000000000000000000e+00
-1.000000000000000000e+00
-1.000000000000000000e+00
-1.000000000000000000e+00
-1.000000000000000000e+00
-1.000000000000000000e+00
-1.000000000000000000e+00
-1.000000000000000000e+00
-1.000000000000000000e+00
-1.000000000000000000e+00
-1.000000000000000000e+00
-1.000000000000000000e+00
-1.000000000000000000e+00
-1.000000000000000000e+00
-1.000000000000000000e+00
-1.000000000000000000e+00
-1.000000000000000000e+00
-1.000000000000000000e+00
-1.000000000000000000e+00
-1.000000000000000000e+00
-1.000000000000000000e+00
-1.000000000000000000e+00
-1.000000000000000000e+00
-1.000000000000000000e+00
-1.000000000000000000e+00
-1.000000000000000000e+00
-1.000000000000000000e+00
-1.000000000000000000e+00
-1.000000000000000000e+00
-1.000000000000000000e+00
-1.000000000000000000e+00
-1.000000000000000000e+00
-1.000000000000000000e+00
-1.000000000000000000e+00
-1.000000000000000000e+00
-1.000000000000000000e+00
-1.000000000000000000e+00
-1.000000000000000000e+00
-1.000000000000000000e+00
-1.000000000000000000e+00
-1.000000000000000000e+00
-1.000000000000000000e+00
-1.000000000000000000e+00
-1.000000000000000000e+00
-1.000000000000000000e+00
-1.000000000000000000e+00
-1.000000000000000000e+00
-1.000000000000000000e+00
-1.000000000000000000e+00
-1.000000000000000000e+00
-1.000000000000000000e+00
-1.000000000000000000e+00
-1.000000000000000000e+00
-1.000000000000000000e+00
-1.000000000000000000e+00
-1.000000000000000000e+00
-1.000000000000000000e+00
-1.000000000000000000e+00
-1.000000000000000000e+00
-1.000000000000000000e+00
-1.000000000000000000e+00
-1.000000000000000000e+00
-1.000000000000000000e+00
-1.000000000000000000e+00
-1.000000000000000000e+00
-1.000000000000000000e+00
-1.000000000000000000e+00
-1.000000000000000000e+00
-1.000000000000000000e+00
-1.000000000000000000e+00
-1.000000000000000000e+00
-1.000000000000000000e+00
-1.000000000000000000e+00
-1.000000000000000000e+00
-1.000000000000000000e+00
-1.000000000000000000e+00
-1.000000000000000000e+00
-1.000000000000000000e+00
-1.000000000000000000e+00
-1.000000000000000000e+00
-1.000000000000000000e+00
-1.000000000000000000e+00
-1.000000000000000000e+00
-1.000000000000000000e+00
-1.000000000000000000e+00
-1.000000000000000000e+00
-1.000000000000000000e+00
-1.000000000000000000e+00
-1.000000000000000000e+00
-1.000000000000000000e+00
-1.000000000000000000e+00
-1.000000000000000000e+00
-1.000000000000000000e+00
-1.000000000000000000e+00
-1.000000000000000000e+00
-1.000000000000000000e+00
-1.000000000000000000e+00
-1.000000000000000000e+00
-1.000000000000000000e+00
-1.000000000000000000e+00
-1.000000000000000000e+00
-1.000000000000000000e+00
-1.000000000000000000e+00
-1.000000000000000000e+00
-1.000000000000000000e+00
-1.000000000000000000e+00
-1.000000000000000000e+00
-1.000000000000000000e+00
-1.000000000000000000e+00
-1.000000000000000000e+00
-1.000000000000000000e+00
-1.000000000000000000e+00
-1.000000000000000000e+00
-1.000000000000000000e+00
-1.000000000000000000e+00
-1.000000000000000000e+00
-1.000000000000000000e+00
-1.000000000000000000e+00
-1.000000000000000000e+00
-1.000000000000000000e+00
-1.000000000000000000e+00
-1.000000000000000000e+00
-1.000000000000000000e+00
-1.000000000000000000e+00
-1.000000000000000000e+00
-1.000000000000000000e+00
-1.000000000000000000e+00
-1.000000000000000000e+00
-1.000000000000000000e+00
-1.000000000000000000e+00
-1.000000000000000000e+00
-1.000000000000000000e+00
-1.000000000000000000e+00
-1.000000000000000000e+00
-1.000000000000000000e+00
-1.000000000000000000e+00
-1.000000000000000000e+00
-1.000000000000000000e+00
-1.000000000000000000e+00
-1.000000000000000000e+00
-1.000000000000000000e+00
-1.000000000000000000e+00
-1.000000000000000000e+00
-1.000000000000000000e+00
-1.000000000000000000e+00
-1.000000000000000000e+00
-1.000000000000000000e+00
-1.000000000000000000e+00
-1.000000000000000000e+00
-1.000000000000000000e+00
-1.000000000000000000e+00
-1.000000000000000000e+00
-1.000000000000000000e+00
-1.000000000000000000e+00
-1.000000000000000000e+00
-1.000000000000000000e+00
-1.000000000000000000e+00
-1.000000000000000000e+00
-1.000000000000000000e+00
-1.000000000000000000e+00
-1.000000000000000000e+00
-1.000000000000000000e+00
-1.000000000000000000e+00
-1.000000000000000000e+00
-1.000000000000000000e+00
-1.000000000000000000e+00
-1.000000000000000000e+00
-1.000000000000000000e+00
-1.000000000000000000e+00
-1.000000000000000000e+00
-1.000000000000000000e+00
-1.000000000000000000e+00
-1.000000000000000000e+00
-1.000000000000000000e+00
-1.000000000000000000e+00
-1.000000000000000000e+00
-1.000000000000000000e+00
-1.000000000000000000e+00
-1.000000000000000000e+00
-1.000000000000000000e+00
