[array([[[378.27878  , 198.37964  , 400.4676   , 218.72678  ],
        [446.87982  , 196.5981   , 505.99866  , 241.35017  ],
        [287.38068  , 194.2474   , 321.18307  , 229.57071  ],
        [327.91464  , 196.45148  , 336.96942  , 214.45332  ],
        [421.8523   , 189.9377   , 453.00815  , 223.03204  ],
        [558.5568   , 200.93549  , 570.1049   , 218.24812  ],
        [538.94324  , 198.33972  , 556.1509   , 222.90471  ],
        [319.75555  , 195.43898  , 328.41122  , 213.64154  ],
        [334.52374  , 196.3643   , 342.2695   , 215.83331  ],
        [575.1989   , 199.73972  , 587.7171   , 222.80734  ],
        [351.47592  , 195.46213  , 359.63284  , 212.66763  ],
        [608.75616  , 204.50479  , 640.       , 222.18427  ],
        [189.56573  , 191.04672  , 200.70131  , 213.1043   ],
        [199.79181  , 190.98267  , 210.3244   , 212.9449   ],
        [565.6962   , 200.43329  , 576.4522   , 220.3437   ],
        [300.31696  , 192.88884  , 316.0445   , 213.84874  ],
        [549.51184  , 200.50342  , 559.6136   , 219.02461  ],
        [566.7699   , 202.70781  , 611.7091   , 220.04427  ],
        [182.31177  , 189.10622  , 193.06871  , 213.0854   ],
        [495.6079   , 203.83899  , 537.7325   , 224.233    ],
        [  0.       , 173.83546  ,  72.93324  , 384.       ],
        [261.91803  , 196.15517  , 275.15485  , 212.13649  ],
        [556.12897  , 201.09477  , 578.6753   , 237.09734  ],
        [ 99.6045   , 186.75417  , 117.69131  , 217.8469   ],
        [316.8708   , 196.19159  , 343.95517  , 210.0368   ],
        [526.5193   , 201.39714  , 538.0481   , 219.60387  ],
        [206.93166  , 191.98795  , 216.79927  , 212.28879  ],
        [577.73346  , 199.30534  , 598.1946   , 245.43799  ],
        [ 70.31734  , 184.52243  , 166.11766  , 218.70369  ],
        [211.27061  , 183.82054  , 224.81883  , 210.43488  ],
        [286.80768  , 192.902    , 298.31265  , 213.99136  ],
        [176.88686  , 189.74525  , 186.48334  , 210.79642  ],
        [156.96687  , 191.08122  , 170.12447  , 213.66177  ],
        [291.7312   , 194.15205  , 307.0147   , 211.8785   ],
        [534.4624   , 202.84024  , 546.0682   , 229.36108  ],
        [132.85565  , 187.235    , 180.05557  , 205.21498  ],
        [248.42256  , 195.38693  , 258.0178   , 213.6572   ],
        [114.9845   , 181.85431  , 133.2601   , 216.1145   ],
        [469.03104  , 200.35374  , 498.94055  , 224.81226  ],
        [240.54701  , 193.6717   , 250.76514  , 213.96645  ],
        [517.54584  , 201.33029  , 529.2907   , 222.09518  ],
        [461.1356   , 192.68506  , 479.0517   , 218.66568  ],
        [110.40155  , 191.28517  , 162.80006  , 209.98433  ],
        [591.2152   , 203.1495   , 602.2868   , 222.2114   ],
        [279.10776  , 193.91537  , 289.48883  , 213.58658  ],
        [374.65952  , 196.11111  , 388.12003  , 212.19057  ],
        [  0.       , 187.39093  ,  58.556545 , 210.01367  ],
        [344.65222  , 196.9978   , 354.01117  , 212.69765  ],
        [581.77234  , 191.3198   , 640.       , 229.02866  ],
        [176.82205  , 188.77898  , 222.3372   , 208.83432  ],
        [439.2124   , 200.25656  , 473.85028  , 229.1638   ],
        [516.2752   , 197.53416  , 550.7263   , 215.07849  ],
        [528.58307  , 188.2149   , 567.4111   , 208.73187  ],
        [478.5587   , 196.22491  , 489.03683  , 215.89     ],
        [ 66.855896 , 192.92334  , 104.65808  , 209.96077  ],
        [553.22314  , 197.38892  , 590.8988   , 215.41745  ],
        [489.95953  , 202.93207  , 511.42435  , 221.92284  ],
        [143.72449  , 187.28217  , 161.22002  , 221.92575  ],
        [417.24475  , 197.34966  , 435.2657   , 210.91348  ],
        [485.89297  , 196.75851  , 497.46567  , 216.04022  ],
        [270.15033  , 194.62395  , 283.5916   , 212.82474  ],
        [  0.       , 220.01118  ,  48.450325 , 248.85234  ],
        [  1.4208813, 244.26672  ,  21.198435 , 286.70123  ],
        [ 21.275032 , 195.28645  ,  69.249535 , 290.1726   ],
        [358.85284  , 195.76404  , 368.61307  , 211.35895  ],
        [444.32104  , 203.64351  , 460.84314  , 219.45386  ],
        [545.6584   , 210.35835  , 564.9878   , 224.62036  ],
        [540.8449   , 187.99869  , 552.0822   , 211.3879   ],
        [436.11304  , 196.49849  , 465.405    , 212.26904  ],
        [133.47292  , 185.9249   , 145.56815  , 211.9008   ],
        [502.08804  , 188.17502  , 513.0124   , 204.77834  ],
        [166.9781   , 189.1581   , 175.7849   , 209.94424  ],
        [126.56395  , 186.26398  , 138.91798  , 211.24489  ],
        [582.70465  , 210.82526  , 608.51306  , 224.95905  ],
        [531.8403   , 209.87329  , 600.9994   , 244.77629  ],
        [630.80255  , 202.51701  , 640.       , 223.33182  ],
        [561.9673   , 211.1783   , 582.92084  , 225.2447   ],
        [596.2806   , 204.7805   , 625.49054  , 234.99525  ],
        [ 11.198958 , 159.63298  , 149.15231  , 210.62206  ],
        [413.5693   , 203.23975  , 428.82736  , 216.565    ],
        [ 94.18215  , 190.71548  , 107.3286   , 215.56075  ],
        [541.40753  , 208.9886   , 552.84515  , 238.90994  ],
        [308.2219   , 199.27022  , 322.04245  , 218.94514  ],
        [499.5431   , 208.86055  , 515.9025   , 237.59058  ],
        [620.2494   , 208.70529  , 638.0885   , 248.98128  ],
        [262.40433  , 190.7378   , 298.9375   , 211.91624  ],
        [449.12704  , 189.91467  , 475.17496  , 206.95743  ],
        [197.55179  , 179.32379  , 209.4708   , 202.9107   ],
        [406.33783  , 198.48642  , 419.43536  , 209.95976  ],
        [ 48.082813 , 187.71887  ,  87.51464  , 207.03441  ],
        [508.98233  , 207.4645   , 521.45844  , 229.59799  ],
        [364.72272  , 197.59778  , 380.7301   , 208.89465  ],
        [348.1564   , 184.4767   , 365.30096  , 212.33717  ],
        [255.4788   , 191.31395  , 282.24216  , 204.27477  ],
        [144.48293  , 175.6734   , 192.6926   , 200.27283  ],
        [ 85.83384  , 198.95949  , 121.587265 , 224.77046  ],
        [226.69157  , 189.30937  , 267.10815  , 208.12732  ],
        [ 10.3208065, 176.75635  ,  33.71092  , 222.11711  ],
        [494.84448  , 190.36469  , 506.24963  , 204.70857  ],
        [499.46893  , 188.22467  , 545.5685   , 206.96031  ],
        [  0.       , 168.74977  ,  73.75241  , 199.11586  ],
        [512.2422   , 207.99362  , 554.27606  , 240.70201  ]]],
      dtype=float32), array([[
        0.97443044,
        0.9709145 , 
        0.9259521 , 
        0.75418115, 
        0.65292615,
        0.57884604, 
        0.5655221 , 
        0.5651117 , 
        0.5287329 , 
        0.51511294,
        0.46668977, 
        0.4632345 , 
        0.4293304 , 
        0.36798397, 
        0.31462348,
        0.31036705, 
        0.30863035, 
        0.2920723 , 
        0.24263895, 
        0.23153278,
        0.22265336, 
        0.22255209, 
        0.21445784, 
        0.19073373, 
        0.18771952,
        0.18485111, 
        0.18280599, 
        0.1799896 , 
        0.17198336, 
        0.164217  ,
        0.16266191, 
        0.16194302, 
        0.16190016, 
        0.15814626, 
        0.14922136,
        0.14771667, 
        0.13662851, 
        0.1313211 , 
        0.1293971 , 
        0.12880737,
        0.12731719, 
        0.11897057, 
        0.11717424, 
        0.11548805, 
        0.11413172,
        0.11373907, 
        0.11258903, 
        0.11245242, 
        0.11193955, 
        0.11166379,
        0.11125523, 
        0.10950124, 
        0.10474664, 
        0.10424352, 
        0.10276526,
        0.10158625, 
        0.09870145, 
        0.09663129, 
        0.092695  , 
        0.08816174,
        0.08747917, 0.08694512, 0.08082634, 0.07940325, 0.07850984,
        0.07763448, 0.07623279, 0.07552996, 0.07504967, 0.07480025,
        0.0735749 , 0.07308877, 0.07298714, 0.07158956, 0.07111016,
        0.0690636 , 0.06902039, 0.06794608, 0.06727713, 0.06723183,
        0.06674343, 0.06615698, 0.06450108, 0.06411019, 0.0626637 ,
        0.06167307, 0.06141365, 0.06059751, 0.05733839, 0.05651501,
        0.05530879, 0.05513781, 0.05499831, 0.05373448, 0.05359095,
        0.05344591, 0.05224079, 0.05177632, 0.05146065, 0.0504778 ,
        0.05046803, 0.05010447]], dtype=float32), array([[3, 3, 3, 0, 6, 0, 4, 0, 0, 0, 0, 3, 0, 0, 0, 3, 0, 3, 0, 3, 0, 3,
        0, 0, 3, 0, 0, 0, 3, 0, 0, 0, 0, 3, 0, 3, 0, 0, 3, 0, 0, 6, 3, 0,
        0, 3, 3, 0, 6, 3, 3, 3, 3, 0, 3, 3, 3, 0, 3, 0, 3, 3, 0, 0, 0, 3,
        1, 0, 3, 0, 0, 0, 0, 3, 3, 0, 1, 4, 6, 3, 0, 0, 0, 0, 0, 6, 6, 0,
        3, 3, 0, 3, 0, 3, 6, 1, 3, 0, 0, 3, 3, 3]], dtype=int32)]