-2.223697542739445865e+00 3.695600498918691468e+00 -5.728006083776935459e-02 1.000000000000000000e+00 0.000000000000000000e+00 4.000000000000000000e+00 -8.750000000000000000e+00 0.000000000000000000e+00 -7.331647723913192749e-02 -1.233049929141998291e-01 1.000000000000000000e+00 3.000000000000000000e+00 1.900000000000000000e+01 1.900000000000000000e+01 0.000000000000000000e+00 1.000000000000000000e+00 1.800000000000000000e+01 3.000000000000000000e+00
-2.208557812504986284e+00 5.095508502040124732e+00 -6.256880566024525248e-02 4.000000000000000000e+00 1.000000000000000000e+00 2.000000000000000000e+00 0.000000000000000000e+00 0.000000000000000000e+00 1.331349849700927734e+00 3.086311101913452148e+00 1.000000000000000000e+00 0.000000000000000000e+00 0.000000000000000000e+00 0.000000000000000000e+00 7.000000000000000000e+00 6.000000000000000000e+00 0.000000000000000000e+00 0.000000000000000000e+00
-1.021617197353929640e+00 3.882631308095620959e+00 -5.254158314229059878e-02 1.000000000000000000e+00 2.000000000000000000e+00 -3.500000000000000000e+00 -8.500000000000000000e+00 0.000000000000000000e+00 -1.930477656424045563e-02 -2.214371599256992340e-02 1.000000000000000000e+00 3.000000000000000000e+00 2.000000000000000000e+01 2.000000000000000000e+01 0.000000000000000000e+00 1.000000000000000000e+00 1.800000000000000000e+01 3.000000000000000000e+00
-1.019454380590635978e+00 4.082617995396585542e+00 -5.329711747359575091e-02 1.000000000000000000e+00 3.000000000000000000e+00 -2.000000000000000000e+00 -8.500000000000000000e+00 0.000000000000000000e+00 -1.758805289864540100e-02 -2.120912261307239532e-02 1.000000000000000000e+00 3.000000000000000000e+00 1.900000000000000000e+01 1.900000000000000000e+01 0.000000000000000000e+00 1.000000000000000000e+00 1.800000000000000000e+01 3.000000000000000000e+00
7.652818206375417986e-01 2.663275821345918448e+00 -3.976735489728541739e-02 1.000000000000000000e+00 4.000000000000000000e+00 5.500000000000000000e+00 -8.500000000000000000e+00 -2.500000000000000000e-01 -1.504106223583221436e-01 -7.809782773256301880e-02 1.000000000000000000e+00 3.000000000000000000e+00 1.900000000000000000e+01 1.900000000000000000e+01 0.000000000000000000e+00 1.000000000000000000e+00 1.600000000000000000e+01 3.000000000000000000e+00
7.717702760839841858e-01 3.263236360054685203e+00 -4.203395969253680836e-02 1.000000000000000000e+00 5.000000000000000000e+00 -3.000000000000000000e+00 -8.500000000000000000e+00 0.000000000000000000e+00 -4.144119098782539368e-02 -2.629921957850456238e-02 1.000000000000000000e+00 3.000000000000000000e+00 1.900000000000000000e+01 1.900000000000000000e+01 0.000000000000000000e+00 1.000000000000000000e+00 1.700000000000000000e+01 3.000000000000000000e+00
3.977519891036944699e-01 5.667397454511428734e+00 -5.293171559742387844e-02 1.000000000000000000e+00 6.000000000000000000e+00 4.500000000000000000e+00 -8.500000000000000000e+00 0.000000000000000000e+00 -1.810876838862895966e-02 -2.150415815412998199e-02 1.000000000000000000e+00 3.000000000000000000e+00 1.900000000000000000e+01 1.900000000000000000e+01 0.000000000000000000e+00 1.000000000000000000e+00 1.800000000000000000e+01 3.000000000000000000e+00
2.975944911182847541e+00 3.639457329017915743e+00 -3.347267221318606795e-02 1.000000000000000000e+00 7.000000000000000000e+00 -5.000000000000000000e-01 -8.500000000000000000e+00 -2.500000000000000000e-01 -1.493262946605682373e-01 -7.466314733028411865e-02 1.000000000000000000e+00 3.000000000000000000e+00 1.900000000000000000e+01 1.900000000000000000e+01 0.000000000000000000e+00 1.000000000000000000e+00 1.600000000000000000e+01 3.000000000000000000e+00
1.993316231367574076e+00 5.250149259589638184e+00 -4.409529709258590974e-02 1.000000000000000000e+00 8.000000000000000000e+00 -1.000000000000000000e+00 -8.500000000000000000e+00 -2.500000000000000000e-01 -1.542848497629165649e-01 -1.277671307325363159e-01 1.000000000000000000e+00 3.000000000000000000e+00 1.900000000000000000e+01 1.900000000000000000e+01 0.000000000000000000e+00 1.000000000000000000e+00 1.700000000000000000e+01 3.000000000000000000e+00
4.452554115442939775e+00 -7.777069395589064627e+00 1.691817504349381329e-02 1.000000000000000000e+00 9.000000000000000000e+00 -3.500000000000000000e+00 -8.750000000000000000e+00 -2.500000000000000000e-01 -7.695639133453369141e-02 6.584046781063079834e-02 1.000000000000000000e+00 3.000000000000000000e+00 1.900000000000000000e+01 1.900000000000000000e+01 0.000000000000000000e+00 1.000000000000000000e+00 1.700000000000000000e+01 3.000000000000000000e+00
6.401665019604370954e+00 6.002590725858524046e+00 -2.697272251567299495e-02 1.000000000000000000e+00 1.000000000000000000e+01 1.000000000000000000e+00 -8.250000000000000000e+00 -2.500000000000000000e-01 3.702478483319282532e-02 2.091214805841445923e-02 1.000000000000000000e+00 3.000000000000000000e+00 1.900000000000000000e+01 1.900000000000000000e+01 0.000000000000000000e+00 1.000000000000000000e+00 1.700000000000000000e+01 3.000000000000000000e+00
5.452485347412528327e+00 -7.787866158932515326e+00 2.149651896777667048e-02 1.000000000000000000e+00 1.100000000000000000e+01 4.000000000000000000e+00 -8.750000000000000000e+00 -2.500000000000000000e-01 -9.569577127695083618e-02 7.368574291467666626e-02 1.000000000000000000e+00 3.000000000000000000e+00 1.900000000000000000e+01 1.900000000000000000e+01 0.000000000000000000e+00 1.000000000000000000e+00 1.700000000000000000e+01 3.000000000000000000e+00
7.452347811351703655e+00 -7.809459685619417613e+00 3.065320681634237099e-02 1.000000000000000000e+00 1.200000000000000000e+01 1.500000000000000000e+01 -8.750000000000000000e+00 -2.500000000000000000e-01 -1.283204853534698486e-01 8.233897387981414795e-02 1.000000000000000000e+00 3.000000000000000000e+00 1.900000000000000000e+01 1.900000000000000000e+01 1.100000000000000000e+01 3.000000000000000000e+00 1.700000000000000000e+01 3.000000000000000000e+00
7.850157100776190333e+00 -8.013765550944995653e+00 3.324007877219699314e-02 1.000000000000000000e+00 1.300000000000000000e+01 1.500000000000000000e+01 -8.750000000000000000e+00 -2.500000000000000000e-01 -1.295817941427230835e-01 8.255615085363388062e-02 1.000000000000000000e+00 3.000000000000000000e+00 1.900000000000000000e+01 1.900000000000000000e+01 0.000000000000000000e+00 1.000000000000000000e+00 1.700000000000000000e+01 3.000000000000000000e+00
9.250061397698852161e+00 -8.028881025803785931e+00 3.964976288594240783e-02 1.000000000000000000e+00 1.400000000000000000e+01 7.500000000000000000e+00 -8.750000000000000000e+00 -2.500000000000000000e-01 -1.481057852506637573e-01 8.478519320487976074e-02 1.000000000000000000e+00 3.000000000000000000e+00 1.900000000000000000e+01 1.900000000000000000e+01 0.000000000000000000e+00 1.000000000000000000e+00 1.600000000000000000e+01 3.000000000000000000e+00
8.832785783169743610e+00 -9.624457243113782923e+00 4.386270275092887805e-02 1.000000000000000000e+00 1.500000000000000000e+01 -5.000000000000000000e+00 -8.750000000000000000e+00 -2.500000000000000000e-01 -1.105376556515693665e-01 7.836624234914779663e-02 1.000000000000000000e+00 3.000000000000000000e+00 2.000000000000000000e+01 1.900000000000000000e+01 9.000000000000000000e+00 3.000000000000000000e+00 1.700000000000000000e+01 3.000000000000000000e+00
1.104777498404600244e+01 -8.248302365988154250e+00 4.864631895554241692e-02 1.000000000000000000e+00 1.600000000000000000e+01 4.000000000000000000e+00 -8.750000000000000000e+00 -2.500000000000000000e-01 -1.642687916755676270e-01 8.529341220855712891e-02 1.000000000000000000e+00 3.000000000000000000e+00 1.900000000000000000e+01 1.900000000000000000e+01 0.000000000000000000e+00 1.000000000000000000e+00 1.600000000000000000e+01 3.000000000000000000e+00
1.284765043870427093e+01 -8.267736531769088515e+00 5.688733452625234499e-02 1.000000000000000000e+00 1.700000000000000000e+01 7.500000000000000000e+00 -8.750000000000000000e+00 -2.500000000000000000e-01 -1.812904626131057739e-01 8.439383655786514282e-02 1.000000000000000000e+00 3.000000000000000000e+00 1.900000000000000000e+01 1.900000000000000000e+01 0.000000000000000000e+00 1.000000000000000000e+00 1.600000000000000000e+01 3.000000000000000000e+00
9.090161225516645516e+00 1.417398143238289521e+01 -4.604596913850911993e-02 2.000000000000000000e+00 1.800000000000000000e+01 1.500000000000000000e+00 -1.000000000000000000e+01 0.000000000000000000e+00 -7.231949567794799805e-01 -7.717677354812622070e-01 1.000000000000000000e+00 1.000000000000000000e+00 1.900000000000000000e+01 1.900000000000000000e+01 0.000000000000000000e+00 1.000000000000000000e+00 1.800000000000000000e+01 3.000000000000000000e+00
1.524748501398778799e+01 -8.293648759674733029e+00 6.787535819803158788e-02 1.000000000000000000e+00 1.900000000000000000e+01 -1.000000000000000000e+00 -8.750000000000000000e+00 -2.500000000000000000e-01 -1.997720897197723389e-01 8.172495663166046143e-02 1.000000000000000000e+00 3.000000000000000000e+00 1.900000000000000000e+01 1.900000000000000000e+01 1.100000000000000000e+01 3.000000000000000000e+00 1.600000000000000000e+01 3.000000000000000000e+00
1.524532219722449611e+01 -8.493635446975698500e+00 6.863089252933674000e-02 0.000000000000000000e+00 2.000000000000000000e+01 -5.000000000000000000e-01 -7.750000000000000000e+00 -2.500000000000000000e-01 6.541132330894470215e-01 -2.741990089416503906e-01 1.000000000000000000e+00 3.000000000000000000e+00 1.900000000000000000e+01 1.900000000000000000e+01 9.000000000000000000e+00 3.000000000000000000e+00 1.600000000000000000e+01 3.000000000000000000e+00
1.523450810309490322e+01 -9.493569837092266539e+00 7.240856778853438369e-02 1.000000000000000000e+00 2.100000000000000000e+01 -2.000000000000000000e+00 -8.750000000000000000e+00 -2.500000000000000000e-01 -1.799434572458267212e-01 8.451890200376510620e-02 1.000000000000000000e+00 3.000000000000000000e+00 2.000000000000000000e+01 1.900000000000000000e+01 0.000000000000000000e+00 1.000000000000000000e+00 1.600000000000000000e+01 3.000000000000000000e+00
1.584528131784974292e+01 -8.500113509100406972e+00 7.137790063040606869e-02 1.000000000000000000e+00 2.200000000000000000e+01 6.000000000000000000e+00 -8.750000000000000000e+00 -2.500000000000000000e-01 -2.005113065242767334e-01 8.158058673143386841e-02 1.000000000000000000e+00 3.000000000000000000e+00 1.900000000000000000e+01 1.900000000000000000e+01 0.000000000000000000e+00 1.000000000000000000e+00 1.600000000000000000e+01 3.000000000000000000e+00
1.684521254981932969e+01 -8.510910272443858560e+00 7.595624455468891201e-02 1.000000000000000000e+00 2.300000000000000000e+01 -5.000000000000000000e-01 -8.750000000000000000e+00 -2.500000000000000000e-01 -2.068437933921813965e-01 8.022446930408477783e-02 1.000000000000000000e+00 3.000000000000000000e+00 2.000000000000000000e+01 1.900000000000000000e+01 1.100000000000000000e+01 3.000000000000000000e+00 1.600000000000000000e+01 3.000000000000000000e+00
1.643226352758210496e+01 -9.706512648642648955e+00 7.865811832197816544e-02 1.000000000000000000e+00 2.400000000000000000e+01 -1.500000000000000000e+00 -8.750000000000000000e+00 -2.500000000000000000e-01 -1.855453401803970337e-01 8.393717557191848755e-02 1.000000000000000000e+00 3.000000000000000000e+00 1.900000000000000000e+01 1.900000000000000000e+01 9.000000000000000000e+00 3.000000000000000000e+00 1.600000000000000000e+01 3.000000000000000000e+00
1.827323254199544778e+01 -5.926195941258275646e+00 7.254396718720274029e-02 0.000000000000000000e+00 2.500000000000000000e+01 1.550000000000000000e+01 -7.250000000000000000e+00 -2.500000000000000000e-01 1.158767938613891602e+00 -2.896920144557952881e-01 1.000000000000000000e+00 3.000000000000000000e+00 1.900000000000000000e+01 1.900000000000000000e+01 0.000000000000000000e+00 1.000000000000000000e+00 1.600000000000000000e+01 3.000000000000000000e+00
1.763434458559589046e+01 -9.519482085591102205e+00 8.339660019281164294e-02 0.000000000000000000e+00 2.600000000000000000e+01 9.500000000000000000e+00 -7.500000000000000000e+00 -2.500000000000000000e-01 8.668656349182128906e-01 -3.631464242935180664e-01 1.000000000000000000e+00 3.000000000000000000e+00 1.900000000000000000e+01 1.900000000000000000e+01 0.000000000000000000e+00 1.000000000000000000e+00 1.600000000000000000e+01 3.000000000000000000e+00
1.529406126014166389e+01 1.450701486601814949e+01 -1.917130197756652943e-02 1.000000000000000000e+00 2.700000000000000000e+01 3.000000000000000000e+00 -9.000000000000000000e+00 -2.500000000000000000e-01 -4.752694070339202881e-01 -3.564520478248596191e-01 1.000000000000000000e+00 3.000000000000000000e+00 2.000000000000000000e+01 1.900000000000000000e+01 0.000000000000000000e+00 1.000000000000000000e+00 1.700000000000000000e+01 3.000000000000000000e+00
1.947531360000923328e+01 -5.739165378206728896e+00 7.728244905803621778e-02 0.000000000000000000e+00 2.800000000000000000e+01 5.000000000000000000e-01 -7.250000000000000000e+00 -2.500000000000000000e-01 1.165328145027160645e+00 -2.670543789863586426e-01 1.000000000000000000e+00 3.000000000000000000e+00 2.000000000000000000e+01 1.900000000000000000e+01 1.100000000000000000e+01 3.000000000000000000e+00 1.600000000000000000e+01 3.000000000000000000e+00
1.864076427816848280e+01 -8.930317833419913143e+00 8.570833752050718846e-02 1.000000000000000000e+00 2.900000000000000000e+01 4.500000000000000000e+00 -8.750000000000000000e+00 -2.500000000000000000e-01 -2.111417800188064575e-01 7.917815446853637695e-02 1.000000000000000000e+00 3.000000000000000000e+00 1.900000000000000000e+01 1.900000000000000000e+01 0.000000000000000000e+00 1.000000000000000000e+00 1.600000000000000000e+01 3.000000000000000000e+00
1.881912119197273725e+01 -1.093234595396582520e+01 9.417935158426019027e-02 0.000000000000000000e+00 3.000000000000000000e+01 -2.000000000000000000e+00 -7.000000000000000000e+00 0.000000000000000000e+00 1.168861389160156250e+00 -5.344793796539306641e-01 1.000000000000000000e+00 1.000000000000000000e+00 2.000000000000000000e+01 2.000000000000000000e+01 1.600000000000000000e+01 1.000000000000000000e+00 1.600000000000000000e+01 3.000000000000000000e+00
1.650262887154098479e+01 1.529400646517752804e+01 -1.669943543581839385e-02 2.000000000000000000e+00 3.100000000000000000e+01 -4.500000000000000000e+00 -9.500000000000000000e+00 0.000000000000000000e+00 -6.784710884094238281e-01 -5.055914521217346191e-01 1.000000000000000000e+00 1.000000000000000000e+00 2.000000000000000000e+01 2.000000000000000000e+01 4.000000000000000000e+00 3.000000000000000000e+00 1.700000000000000000e+01 3.000000000000000000e+00
1.923207021420996199e+01 -9.736743577767034807e+00 9.147747781697093683e-02 3.000000000000000000e+00 3.200000000000000000e+01 0.000000000000000000e+00 -8.750000000000000000e+00 -2.500000000000000000e-01 -2.030729800462722778e-01 8.105854690074920654e-02 1.000000000000000000e+00 3.000000000000000000e+00 1.900000000000000000e+01 1.900000000000000000e+01 1.100000000000000000e+01 3.000000000000000000e+00 1.600000000000000000e+01 3.000000000000000000e+00
2.187731099205604579e+01 -5.565090918811408827e+00 8.751493839851029466e-02 0.000000000000000000e+00 3.300000000000000000e+01 -3.000000000000000000e+00 -6.500000000000000000e+00 0.000000000000000000e+00 1.845597267150878906e+00 -3.705176413059234619e-01 1.000000000000000000e+00 1.000000000000000000e+00 1.900000000000000000e+01 1.900000000000000000e+01 9.000000000000000000e+00 3.000000000000000000e+00 1.600000000000000000e+01 3.000000000000000000e+00
2.140928382290574916e+01 6.640586988818958147e+00 3.868029105442831461e-02 1.000000000000000000e+00 3.400000000000000000e+01 -3.500000000000000000e+00 -8.500000000000000000e+00 -5.000000000000000000e-01 -1.880236715078353882e-01 -5.028539896011352539e-02 1.000000000000000000e+00 3.000000000000000000e+00 1.900000000000000000e+01 1.900000000000000000e+01 9.000000000000000000e+00 3.000000000000000000e+00 1.600000000000000000e+01 3.000000000000000000e+00
2.123525254778464699e+01 9.042588960772672380e+00 2.869820652672906702e-02 3.000000000000000000e+00 3.500000000000000000e+01 -1.500000000000000000e+00 -8.500000000000000000e+00 -5.000000000000000000e-01 -2.180978059768676758e-01 -7.923084497451782227e-02 1.000000000000000000e+00 3.000000000000000000e+00 1.900000000000000000e+01 1.900000000000000000e+01 1.100000000000000000e+01 3.000000000000000000e+00 1.600000000000000000e+01 3.000000000000000000e+00
1.831548315462273280e+01 1.647449430983267860e+01 -1.299162432578508664e-02 2.000000000000000000e+00 3.600000000000000000e+01 -4.500000000000000000e+00 -9.500000000000000000e+00 0.000000000000000000e+00 -6.826505064964294434e-01 -5.044364333152770996e-01 1.000000000000000000e+00 1.000000000000000000e+00 2.000000000000000000e+01 1.900000000000000000e+01 9.000000000000000000e+00 3.000000000000000000e+00 1.700000000000000000e+01 3.000000000000000000e+00
2.241570351032178010e+01 7.229750764184273315e+00 4.099203018345978777e-02 1.000000000000000000e+00 3.700000000000000000e+01 -4.500000000000000000e+00 -8.500000000000000000e+00 -5.000000000000000000e-01 -1.922917515039443970e-01 -5.381299182772636414e-02 1.000000000000000000e+00 3.000000000000000000e+00 1.900000000000000000e+01 1.900000000000000000e+01 4.000000000000000000e+00 3.000000000000000000e+00 1.600000000000000000e+01 3.000000000000000000e+00
2.183521166840989380e+01 9.036110898647963907e+00 3.144521462779838183e-02 3.000000000000000000e+00 3.800000000000000000e+01 -1.000000000000000000e+00 -8.500000000000000000e+00 -5.000000000000000000e-01 -2.157551795244216919e-01 -7.658486068248748779e-02 1.000000000000000000e+00 3.000000000000000000e+00 1.900000000000000000e+01 1.900000000000000000e+01 0.000000000000000000e+00 1.000000000000000000e+00 1.600000000000000000e+01 3.000000000000000000e+00
2.515495317678356813e+01 1.599887205973619109e+00 7.496637995252411479e-02 0.000000000000000000e+00 3.900000000000000000e+01 3.100000000000000000e+01 -3.750000000000000000e+00 0.000000000000000000e+00 4.657731533050537109e+00 2.989760339260101318e-01 1.000000000000000000e+00 3.000000000000000000e+00 1.900000000000000000e+01 1.900000000000000000e+01 0.000000000000000000e+00 1.000000000000000000e+00 1.600000000000000000e+01 3.000000000000000000e+00
2.521334928740381542e+01 6.999533127165730839e+00 5.456693274225572765e-02 1.000000000000000000e+00 4.000000000000000000e+01 1.000000000000000000e+00 -8.500000000000000000e+00 -5.000000000000000000e-01 -1.806224882602691650e-01 -4.454540833830833435e-02 1.000000000000000000e+00 3.000000000000000000e+00 1.900000000000000000e+01 1.900000000000000000e+01 0.000000000000000000e+00 1.000000000000000000e+00 1.600000000000000000e+01 3.000000000000000000e+00
2.466313499358681227e+01 1.160570881165960699e+01 3.444262061048042334e-02 3.000000000000000000e+00 4.100000000000000000e+01 -5.000000000000000000e+00 -8.500000000000000000e+00 -5.000000000000000000e-01 -2.303864061832427979e-01 -9.453786909580230713e-02 1.000000000000000000e+00 3.000000000000000000e+00 2.000000000000000000e+01 2.000000000000000000e+01 4.000000000000000000e+00 3.000000000000000000e+00 1.600000000000000000e+01 3.000000000000000000e+00
2.662190390808404317e+01 7.784365365419141369e+00 5.795447156185964954e-02 1.000000000000000000e+00 4.200000000000000000e+01 -1.500000000000000000e+00 -8.500000000000000000e+00 -5.000000000000000000e-01 -1.858675330877304077e-01 -4.856539145112037659e-02 1.000000000000000000e+00 3.000000000000000000e+00 1.900000000000000000e+01 1.900000000000000000e+01 9.000000000000000000e+00 3.000000000000000000e+00 1.600000000000000000e+01 3.000000000000000000e+00
2.702720933437664286e+01 -1.022093171880379714e+01 1.286996343284863287e-01 1.000000000000000000e+00 4.300000000000000000e+01 1.500000000000000000e+00 -8.750000000000000000e+00 -5.000000000000000000e-01 -1.605624407529830933e-01 5.030278488993644714e-02 1.000000000000000000e+00 3.000000000000000000e+00 1.900000000000000000e+01 1.900000000000000000e+01 0.000000000000000000e+00 1.000000000000000000e+00 1.600000000000000000e+01 3.000000000000000000e+00
2.819800134328236751e+01 5.567234616204198794e+00 7.359070150575014457e-02 1.000000000000000000e+00 4.400000000000000000e+01 1.900000000000000000e+01 -8.500000000000000000e+00 -5.000000000000000000e-01 -1.554169356822967529e-01 -2.812760695815086365e-02 1.000000000000000000e+00 3.000000000000000000e+00 1.900000000000000000e+01 1.900000000000000000e+01 0.000000000000000000e+00 1.000000000000000000e+00 1.600000000000000000e+01 3.000000000000000000e+00
2.292150627165254306e+01 -1.997710283290646061e+01 1.474074804946979567e-01 1.000000000000000000e+00 4.500000000000000000e+01 4.000000000000000000e+00 -8.750000000000000000e+00 -5.000000000000000000e-01 8.893241174519062042e-03 -6.347712129354476929e-03 1.000000000000000000e+00 3.000000000000000000e+00 2.000000000000000000e+01 2.000000000000000000e+01 0.000000000000000000e+00 1.000000000000000000e+00 1.700000000000000000e+01 3.000000000000000000e+00
2.553863041094956188e+01 -1.840527901608686179e+01 1.532668945885480305e-01 1.000000000000000000e+00 4.600000000000000000e+01 2.500000000000000000e+00 -8.750000000000000000e+00 -5.000000000000000000e-01 -3.001255169510841370e-02 1.798765547573566437e-02 1.000000000000000000e+00 3.000000000000000000e+00 2.000000000000000000e+01 2.000000000000000000e+01 1.600000000000000000e+01 1.000000000000000000e+00 1.700000000000000000e+01 3.000000000000000000e+00
3.041947900476163014e+01 7.543350508844466340e+00 7.610771111377637177e-02 1.000000000000000000e+00 4.700000000000000000e+01 1.000000000000000000e+01 -8.500000000000000000e+00 -5.000000000000000000e-01 -1.733821630477905273e-01 -3.935974091291427612e-02 1.000000000000000000e+00 3.000000000000000000e+00 1.900000000000000000e+01 1.900000000000000000e+01 0.000000000000000000e+00 1.000000000000000000e+00 1.600000000000000000e+01 3.000000000000000000e+00
3.126801291891694135e+01 -6.466527716130942238e+00 1.335735086668260463e-01 0.000000000000000000e+00 4.800000000000000000e+01 7.500000000000000000e+00 -4.250000000000000000e+00 0.000000000000000000e+00 4.053102493286132812e+00 -6.906124949455261230e-01 1.000000000000000000e+00 3.000000000000000000e+00 1.900000000000000000e+01 1.900000000000000000e+01 9.000000000000000000e+00 3.000000000000000000e+00 1.600000000000000000e+01 3.000000000000000000e+00
2.936864779517248891e+01 -1.564649022550595880e+01 1.600871065615359079e-01 0.000000000000000000e+00 4.900000000000000000e+01 7.000000000000000000e+00 -4.250000000000000000e+00 0.000000000000000000e+00 3.462328910827636719e+00 -1.558048129081726074e+00 1.000000000000000000e+00 2.000000000000000000e+00 1.900000000000000000e+01 1.900000000000000000e+01 1.600000000000000000e+01 1.000000000000000000e+00 1.600000000000000000e+01 3.000000000000000000e+00
3.245927988280114107e+01 -7.279431543195963528e+00 1.420896657968571675e-01 0.000000000000000000e+00 5.000000000000000000e+01 1.100000000000000000e+01 -4.250000000000000000e+00 0.000000000000000000e+00 4.030196189880371094e+00 -7.515770792961120605e-01 1.000000000000000000e+00 3.000000000000000000e+00 1.900000000000000000e+01 1.900000000000000000e+01 1.100000000000000000e+01 3.000000000000000000e+00 1.600000000000000000e+01 3.000000000000000000e+00
3.305923709620891771e+01 -7.285909584727480848e+00 1.448366651654284798e-01 0.000000000000000000e+00 5.100000000000000000e+01 1.750000000000000000e+01 -4.250000000000000000e+00 0.000000000000000000e+00 4.034564018249511719e+00 -7.403854727745056152e-01 1.000000000000000000e+00 3.000000000000000000e+00 1.900000000000000000e+01 1.900000000000000000e+01 0.000000000000000000e+00 1.000000000000000000e+00 1.600000000000000000e+01 3.000000000000000000e+00
3.429376043918975370e+01 -4.099075612923292589e+00 1.382421203580010971e-01 0.000000000000000000e+00 5.200000000000000000e+01 2.150000000000000000e+01 2.500000000000000000e+00 0.000000000000000000e+00 1.082431030273437500e+01 -1.032215118408203125e+00 1.000000000000000000e+00 3.000000000000000000e+00 1.900000000000000000e+01 1.900000000000000000e+01 0.000000000000000000e+00 1.000000000000000000e+00 1.600000000000000000e+01 3.000000000000000000e+00
3.444832825261072173e+01 -8.300959459999432966e+00 1.550240289046204978e-01 0.000000000000000000e+00 5.300000000000000000e+01 2.450000000000000000e+01 -4.250000000000000000e+00 0.000000000000000000e+00 4.005575656890869141e+00 -8.113858699798583984e-01 1.000000000000000000e+00 3.000000000000000000e+00 1.900000000000000000e+01 1.900000000000000000e+01 0.000000000000000000e+00 1.000000000000000000e+00 1.600000000000000000e+01 3.000000000000000000e+00
3.214898911030445561e+01 -1.747660324756251882e+01 1.797062822436187868e-01 0.000000000000000000e+00 5.400000000000000000e+01 1.500000000000000000e+00 -4.250000000000000000e+00 0.000000000000000000e+00 3.423794031143188477e+00 -1.590947866439819336e+00 1.000000000000000000e+00 3.000000000000000000e+00 2.000000000000000000e+01 2.000000000000000000e+01 9.000000000000000000e+00 3.000000000000000000e+00 1.600000000000000000e+01 3.000000000000000000e+00
3.604821669798808159e+01 -8.318234264874401873e+00 1.623493721974746395e-01 0.000000000000000000e+00 5.500000000000000000e+01 1.800000000000000000e+01 -4.250000000000000000e+00 0.000000000000000000e+00 4.018013477325439453e+00 -7.818301916122436523e-01 1.000000000000000000e+00 3.000000000000000000e+00 1.900000000000000000e+01 1.900000000000000000e+01 0.000000000000000000e+00 1.000000000000000000e+00 1.600000000000000000e+01 3.000000000000000000e+00
3.680606349909152186e+01 6.274329652748420472e+00 1.099423306070237694e-01 1.000000000000000000e+00 5.600000000000000000e+01 1.250000000000000000e+01 -8.500000000000000000e+00 -5.000000000000000000e-01 -1.478973031044006348e-01 -2.405125834047794342e-02 1.000000000000000000e+00 3.000000000000000000e+00 1.900000000000000000e+01 1.900000000000000000e+01 0.000000000000000000e+00 1.000000000000000000e+00 1.600000000000000000e+01 3.000000000000000000e+00
3.292081668413095485e+01 -2.008507044574777822e+01 1.931909110050284706e-01 1.000000000000000000e+00 5.700000000000000000e+01 -2.000000000000000000e+00 -8.750000000000000000e+00 -5.000000000000000000e-01 -6.003811582922935486e-02 3.145614266395568848e-02 1.000000000000000000e+00 3.000000000000000000e+00 2.000000000000000000e+01 2.000000000000000000e+01 1.100000000000000000e+01 3.000000000000000000e+00 1.700000000000000000e+01 3.000000000000000000e+00
3.434667577707436692e+01 -1.770034186884460681e+01 1.905341730986735704e-01 1.000000000000000000e+00 5.800000000000000000e+01 -3.000000000000000000e+00 -8.500000000000000000e+00 -5.000000000000000000e-01 1.131485924124717712e-01 -5.019155144691467285e-02 1.000000000000000000e+00 3.000000000000000000e+00 2.000000000000000000e+01 2.000000000000000000e+01 4.000000000000000000e+00 3.000000000000000000e+00 1.600000000000000000e+01 3.000000000000000000e+00
3.765676023516668636e+01 -7.535561408120150517e+00 1.666525920274323780e-01 0.000000000000000000e+00 5.900000000000000000e+01 -2.500000000000000000e+00 -4.250000000000000000e+00 0.000000000000000000e+00 4.056019783020019531e+00 -6.824108362197875977e-01 1.000000000000000000e+00 3.000000000000000000e+00 1.900000000000000000e+01 1.900000000000000000e+01 9.000000000000000000e+00 3.000000000000000000e+00 1.600000000000000000e+01 3.000000000000000000e+00
3.511634052382444793e+01 -2.050879670794257592e+01 2.047743397940602339e-01 3.000000000000000000e+00 6.000000000000000000e+01 -4.500000000000000000e+00 -8.500000000000000000e+00 -5.000000000000000000e-01 1.310872435569763184e-01 -6.620235741138458252e-02 1.000000000000000000e+00 3.000000000000000000e+00 2.000000000000000000e+01 2.000000000000000000e+01 4.000000000000000000e+00 3.000000000000000000e+00 1.600000000000000000e+01 3.000000000000000000e+00
3.570332465108739939e+01 -2.171519491446626660e+01 2.120545626154585195e-01 1.000000000000000000e+00 6.100000000000000000e+01 -2.000000000000000000e+00 -8.750000000000000000e+00 -5.000000000000000000e-01 -5.865469947457313538e-02 3.092438355088233948e-02 1.000000000000000000e+00 3.000000000000000000e+00 2.000000000000000000e+01 2.000000000000000000e+01 4.000000000000000000e+00 3.000000000000000000e+00 1.600000000000000000e+01 3.000000000000000000e+00
4.134302389623081808e+01 4.250452620490580147e-01 1.529132215456051602e-01 1.000000000000000000e+00 6.200000000000000000e+01 8.000000000000000000e+00 -8.500000000000000000e+00 -7.500000000000000000e-01 -8.894719183444976807e-02 -1.747870584949851036e-03 1.000000000000000000e+00 3.000000000000000000e+00 1.900000000000000000e+01 1.900000000000000000e+01 0.000000000000000000e+00 1.000000000000000000e+00 1.600000000000000000e+01 3.000000000000000000e+00
4.372772064720820140e+01 -1.000775108772679944e+00 1.691899992226923166e-01 1.000000000000000000e+00 6.300000000000000000e+01 5.500000000000000000e+00 -8.500000000000000000e+00 -7.500000000000000000e-01 -6.724351644515991211e-02 6.975468131713569164e-04 1.000000000000000000e+00 3.000000000000000000e+00 1.900000000000000000e+01 1.900000000000000000e+01 0.000000000000000000e+00 1.000000000000000000e+00 1.600000000000000000e+01 3.000000000000000000e+00
4.325853642518569586e+01 -7.396036579067958527e+00 1.915357766861127964e-01 3.000000000000000000e+00 6.400000000000000000e+01 2.000000000000000000e+00 -8.750000000000000000e+00 -7.500000000000000000e-01 -2.157815694808959961e-01 3.114838339388370514e-02 1.000000000000000000e+00 3.000000000000000000e+00 1.900000000000000000e+01 1.900000000000000000e+01 0.000000000000000000e+00 1.000000000000000000e+00 1.600000000000000000e+01 3.000000000000000000e+00
4.419041259934932953e+01 4.794525864000214632e+00 1.491108090895271743e-01 3.000000000000000000e+00 6.500000000000000000e+01 5.000000000000000000e+00 -8.500000000000000000e+00 -7.500000000000000000e-01 -1.518847346305847168e-01 -1.656356453895568848e-02 1.000000000000000000e+00 3.000000000000000000e+00 1.900000000000000000e+01 1.900000000000000000e+01 1.600000000000000000e+01 1.000000000000000000e+00 1.600000000000000000e+01 3.000000000000000000e+00
4.213099887526773557e+01 -1.918446628662823628e+01 2.315340033422322863e-01 1.000000000000000000e+00 6.600000000000000000e+01 -1.000000000000000000e+00 -8.750000000000000000e+00 -7.500000000000000000e-01 -3.065474331378936768e-02 1.224879734218120575e-02 1.000000000000000000e+00 3.000000000000000000e+00 2.000000000000000000e+01 2.000000000000000000e+01 4.000000000000000000e+00 3.000000000000000000e+00 1.600000000000000000e+01 3.000000000000000000e+00
4.370292196076405844e+01 1.520032118129934595e+01 1.070759884663692874e-01 3.000000000000000000e+00 6.700000000000000000e+01 -1.500000000000000000e+00 -8.500000000000000000e+00 -7.500000000000000000e-01 -2.813965082168579102e-01 -9.204009920358657837e-02 1.000000000000000000e+00 3.000000000000000000e+00 1.900000000000000000e+01 2.000000000000000000e+01 4.000000000000000000e+00 3.000000000000000000e+00 1.600000000000000000e+01 3.000000000000000000e+00
4.373103859931312343e+01 1.780015002343537489e+01 9.725403495405857135e-02 3.000000000000000000e+00 6.800000000000000000e+01 1.500000000000000000e+00 -8.250000000000000000e+00 -7.500000000000000000e-01 -8.792721480131149292e-02 -3.352224826812744141e-02 1.000000000000000000e+00 3.000000000000000000e+00 2.000000000000000000e+01 2.000000000000000000e+01 0.000000000000000000e+00 1.000000000000000000e+00 1.600000000000000000e+01 3.000000000000000000e+00
4.713829864137342440e+01 -3.754968931201523724e-02 1.809786828270587566e-01 0.000000000000000000e+00 6.900000000000000000e+01 -3.000000000000000000e+00 -7.500000000000000000e+00 -7.500000000000000000e-01 9.181411862373352051e-01 8.896716870367527008e-03 1.000000000000000000e+00 3.000000000000000000e+00 2.100000000000000000e+01 2.100000000000000000e+01 9.000000000000000000e+00 3.000000000000000000e+00 1.600000000000000000e+01 3.000000000000000000e+00
4.373737959568305200e+01 -1.860178011717495039e+01 2.365927575034951769e-01 3.000000000000000000e+00 7.000000000000000000e+01 1.100000000000000000e+01 -8.750000000000000000e+00 -7.500000000000000000e-01 -4.744625836610794067e-02 1.774333044886589050e-02 1.000000000000000000e+00 3.000000000000000000e+00 2.000000000000000000e+01 2.100000000000000000e+01 0.000000000000000000e+00 1.000000000000000000e+00 1.600000000000000000e+01 3.000000000000000000e+00
4.778584168441766167e+01 4.355683639844158961e+00 1.671039281598893367e-01 1.000000000000000000e+00 7.100000000000000000e+01 9.000000000000000000e+00 -8.500000000000000000e+00 -7.500000000000000000e-01 -1.414547711610794067e-01 -1.327832229435443878e-02 1.000000000000000000e+00 3.000000000000000000e+00 1.900000000000000000e+01 1.900000000000000000e+01 0.000000000000000000e+00 1.000000000000000000e+00 1.600000000000000000e+01 3.000000000000000000e+00
4.763011872792023382e+01 -1.004337167319559931e+01 2.215024522526023998e-01 0.000000000000000000e+00 7.200000000000000000e+01 -4.500000000000000000e+00 -3.500000000000000000e+00 0.000000000000000000e+00 4.762725353240966797e+00 -8.667795658111572266e-01 1.000000000000000000e+00 3.000000000000000000e+00 2.000000000000000000e+01 2.000000000000000000e+01 4.000000000000000000e+00 3.000000000000000000e+00 1.600000000000000000e+01 3.000000000000000000e+00
4.854469234864041027e+01 5.472954834428344073e-01 1.851217660614677962e-01 0.000000000000000000e+00 7.300000000000000000e+01 8.000000000000000000e+00 -7.500000000000000000e+00 -7.500000000000000000e-01 9.098268151283264160e-01 1.888319663703441620e-02 1.000000000000000000e+00 3.000000000000000000e+00 2.000000000000000000e+01 2.100000000000000000e+01 0.000000000000000000e+00 1.000000000000000000e+00 1.600000000000000000e+01 3.000000000000000000e+00
4.840093863063817992e+01 5.749113839837011852e+00 1.645621818053167595e-01 1.000000000000000000e+00 7.400000000000000000e+01 -2.000000000000000000e+00 -8.500000000000000000e+00 -7.500000000000000000e-01 -1.588600873947143555e-01 -1.895489916205406189e-02 1.000000000000000000e+00 3.000000000000000000e+00 1.900000000000000000e+01 2.000000000000000000e+01 1.100000000000000000e+01 3.000000000000000000e+00 1.600000000000000000e+01 3.000000000000000000e+00
4.548534740676977606e+01 -2.342089859262601692e+01 2.629666114362161911e-01 1.000000000000000000e+00 7.500000000000000000e+01 9.500000000000000000e+00 -9.000000000000000000e+00 -7.500000000000000000e-01 -2.024511843919754028e-01 9.235322475433349609e-02 1.000000000000000000e+00 3.000000000000000000e+00 1.900000000000000000e+01 2.000000000000000000e+01 0.000000000000000000e+00 1.000000000000000000e+00 1.600000000000000000e+01 3.000000000000000000e+00
5.065485857450620699e+01 1.072503290282698529e+01 1.557461656357501112e-01 0.000000000000000000e+00 7.600000000000000000e+01 1.000000000000000000e+00 -3.750000000000000000e+00 0.000000000000000000e+00 4.491050243377685547e+00 9.227066040039062500e-01 1.000000000000000000e+00 1.000000000000000000e+00 1.900000000000000000e+01 2.000000000000000000e+01 0.000000000000000000e+00 1.000000000000000000e+00 1.600000000000000000e+01 3.000000000000000000e+00
5.175312432861809953e+01 1.312693296919181796e+00 1.967503300849476333e-01 0.000000000000000000e+00 7.700000000000000000e+01 2.000000000000000000e+00 -6.500000000000000000e+00 0.000000000000000000e+00 1.923927545547485352e+00 6.504381448030471802e-02 1.000000000000000000e+00 1.000000000000000000e+00 1.900000000000000000e+01 2.000000000000000000e+01 0.000000000000000000e+00 1.000000000000000000e+00 1.600000000000000000e+01 3.000000000000000000e+00
4.648744144518953192e+01 -2.323170962228024905e+01 2.667894246318657792e-01 1.000000000000000000e+00 7.800000000000000000e+01 5.000000000000000000e-01 -9.000000000000000000e+00 -7.500000000000000000e-01 -2.121537625789642334e-01 9.406035393476486206e-02 1.000000000000000000e+00 3.000000000000000000e+00 2.000000000000000000e+01 2.000000000000000000e+01 1.100000000000000000e+01 3.000000000000000000e+00 1.600000000000000000e+01 3.000000000000000000e+00
5.237687254833748796e+01 3.506070842123234055e+00 1.911864441534845138e-01 1.000000000000000000e+00 7.900000000000000000e+01 3.000000000000000000e+00 -8.500000000000000000e+00 -7.500000000000000000e-01 -1.263464242219924927e-01 -9.120075963437557220e-03 1.000000000000000000e+00 3.000000000000000000e+00 2.000000000000000000e+01 2.000000000000000000e+01 0.000000000000000000e+00 1.000000000000000000e+00 1.600000000000000000e+01 3.000000000000000000e+00
5.345250244437077924e+01 1.049481528640163575e+01 1.693210594620480069e-01 1.000000000000000000e+00 8.000000000000000000e+01 1.350000000000000000e+01 -8.500000000000000000e+00 -7.500000000000000000e-01 -2.061558663845062256e-01 -3.959048911929130554e-02 1.000000000000000000e+00 3.000000000000000000e+00 1.900000000000000000e+01 2.000000000000000000e+01 0.000000000000000000e+00 1.000000000000000000e+00 1.600000000000000000e+01 3.000000000000000000e+00
5.406111473926667088e+01 1.128828395288759268e+01 1.690459389703947712e-01 1.000000000000000000e+00 8.100000000000000000e+01 1.500000000000000000e+01 -8.500000000000000000e+00 -7.500000000000000000e-01 -2.133856266736984253e-01 -4.348096996545791626e-02 1.000000000000000000e+00 3.000000000000000000e+00 1.900000000000000000e+01 1.900000000000000000e+01 0.000000000000000000e+00 1.000000000000000000e+00 1.600000000000000000e+01 3.000000000000000000e+00
5.507186006536583989e+01 1.227742157966070913e+01 1.698466076354800125e-01 1.000000000000000000e+00 8.200000000000000000e+01 4.500000000000000000e+00 -8.500000000000000000e+00 -7.500000000000000000e-01 -2.215012758970260620e-01 -4.810380935668945312e-02 1.000000000000000000e+00 3.000000000000000000e+00 1.900000000000000000e+01 1.900000000000000000e+01 1.100000000000000000e+01 3.000000000000000000e+00 1.600000000000000000e+01 3.000000000000000000e+00
5.743708763427983399e+01 9.051719514697587954e+00 1.929231826836592389e-01 1.000000000000000000e+00 8.300000000000000000e+01 1.550000000000000000e+01 -8.500000000000000000e+00 -1.000000000000000000e+00 -2.221316397190093994e-01 -3.486532345414161682e-02 1.000000000000000000e+00 3.000000000000000000e+00 1.900000000000000000e+01 1.900000000000000000e+01 0.000000000000000000e+00 1.000000000000000000e+00 1.600000000000000000e+01 3.000000000000000000e+00
5.694094571832825125e+01 1.865756712918111049e+01 1.539105029883937881e-01 3.000000000000000000e+00 8.400000000000000000e+01 -4.000000000000000000e+00 -8.500000000000000000e+00 -7.500000000000000000e-01 -2.756061553955078125e-01 -8.691501617431640625e-02 1.000000000000000000e+00 3.000000000000000000e+00 2.100000000000000000e+01 2.100000000000000000e+01 4.000000000000000000e+00 3.000000000000000000e+00 1.600000000000000000e+01 3.000000000000000000e+00
5.924993999983098547e+01 1.023220642633418542e+01 1.966309886638664128e-01 3.000000000000000000e+00 8.500000000000000000e+01 -4.500000000000000000e+00 -8.500000000000000000e+00 -1.000000000000000000e+00 -2.347570806741714478e-01 -4.023352265357971191e-02 1.000000000000000000e+00 3.000000000000000000e+00 2.000000000000000000e+01 2.100000000000000000e+01 9.000000000000000000e+00 3.000000000000000000e+00 1.600000000000000000e+01 3.000000000000000000e+00
4.224331800648340618e+01 -4.578703825976209885e+01 3.338515040283258073e-01 1.000000000000000000e+00 8.600000000000000000e+01 7.500000000000000000e+00 -9.250000000000000000e+00 -7.500000000000000000e-01 -6.771931052207946777e-02 6.499332189559936523e-02 1.000000000000000000e+00 3.000000000000000000e+00 2.100000000000000000e+01 2.100000000000000000e+01 0.000000000000000000e+00 1.000000000000000000e+00 1.800000000000000000e+01 3.000000000000000000e+00
6.120005763696191536e+01 5.610915277278115454e+00 2.231649805431381028e-01 1.000000000000000000e+00 8.700000000000000000e+01 1.100000000000000000e+01 -8.500000000000000000e+00 -1.000000000000000000e+00 -1.667407751083374023e-01 -1.601321436464786530e-02 1.000000000000000000e+00 3.000000000000000000e+00 1.900000000000000000e+01 1.900000000000000000e+01 0.000000000000000000e+00 1.000000000000000000e+00 1.600000000000000000e+01 3.000000000000000000e+00
5.765855537789995822e+01 -2.595246126848846302e+01 3.278888299864717859e-01 3.000000000000000000e+00 8.800000000000000000e+01 -3.000000000000000000e+00 -9.000000000000000000e+00 -1.000000000000000000e+00 -1.545312255620956421e-01 6.265448033809661865e-02 1.000000000000000000e+00 3.000000000000000000e+00 2.000000000000000000e+01 2.100000000000000000e+01 4.000000000000000000e+00 3.000000000000000000e+00 1.600000000000000000e+01 3.000000000000000000e+00
6.280859735454900772e+01 6.393587698412877884e+00 2.274681847094356946e-01 1.000000000000000000e+00 8.900000000000000000e+01 4.000000000000000000e+00 -8.500000000000000000e+00 -1.000000000000000000e+00 -1.756838411092758179e-01 -1.856183633208274841e-02 1.000000000000000000e+00 3.000000000000000000e+00 1.900000000000000000e+01 2.000000000000000000e+01 0.000000000000000000e+00 1.000000000000000000e+00 1.600000000000000000e+01 3.000000000000000000e+00
6.230164134962441835e+01 1.499950139958570894e+01 1.922331784720319736e-01 1.000000000000000000e+00 9.000000000000000000e+01 1.000000000000000000e+00 -8.500000000000000000e+00 -1.000000000000000000e+00 -2.882968187332153320e-01 -6.796187162399291992e-02 1.000000000000000000e+00 3.000000000000000000e+00 1.900000000000000000e+01 2.000000000000000000e+01 0.000000000000000000e+00 1.000000000000000000e+00 1.600000000000000000e+01 3.000000000000000000e+00
6.361287103035579094e+01 6.784924106196811522e+00 2.296198033569125663e-01 1.000000000000000000e+00 9.100000000000000000e+01 -2.000000000000000000e+00 -8.500000000000000000e+00 -1.000000000000000000e+00 -1.799743026494979858e-01 -1.985010504722595215e-02 1.000000000000000000e+00 3.000000000000000000e+00 2.000000000000000000e+01 2.100000000000000000e+01 1.100000000000000000e+01 3.000000000000000000e+00 1.600000000000000000e+01 3.000000000000000000e+00
6.545917335971738282e+01 -7.435737569423012339e+00 2.924194791655502779e-01 0.000000000000000000e+00 9.200000000000000000e+01 3.500000000000000000e+00 -1.000000000000000000e+00 0.000000000000000000e+00 7.355349063873291016e+00 -7.040119767189025879e-01 1.000000000000000000e+00 3.000000000000000000e+00 1.900000000000000000e+01 1.900000000000000000e+01 0.000000000000000000e+00 1.000000000000000000e+00 1.600000000000000000e+01 3.000000000000000000e+00
6.471229193656812129e+01 1.597352449481518732e+01 1.994435320144397061e-01 1.000000000000000000e+00 9.300000000000000000e+01 1.350000000000000000e+01 -8.500000000000000000e+00 -1.000000000000000000e+00 -2.932671308517456055e-01 -7.097914069890975952e-02 1.000000000000000000e+00 3.000000000000000000e+00 1.900000000000000000e+01 2.000000000000000000e+01 0.000000000000000000e+00 1.000000000000000000e+00 1.600000000000000000e+01 3.000000000000000000e+00
6.577061927271223851e+01 2.136237305665650510e+01 1.836224309801241239e-01 3.000000000000000000e+00 9.400000000000000000e+01 2.100000000000000000e+01 -8.250000000000000000e+00 -1.000000000000000000e+00 -1.202183365821838379e-01 -3.795464709401130676e-02 1.000000000000000000e+00 3.000000000000000000e+00 1.900000000000000000e+01 2.000000000000000000e+01 1.100000000000000000e+01 3.000000000000000000e+00 1.600000000000000000e+01 3.000000000000000000e+00
6.597276527400838120e+01 2.156019947062614150e+01 1.837825550643505668e-01 3.000000000000000000e+00 9.500000000000000000e+01 2.250000000000000000e+01 -8.250000000000000000e+00 -1.000000000000000000e+00 -1.218073144555091858e-01 -3.869377449154853821e-02 1.000000000000000000e+00 3.000000000000000000e+00 1.900000000000000000e+01 2.000000000000000000e+01 0.000000000000000000e+00 1.000000000000000000e+00 1.600000000000000000e+01 3.000000000000000000e+00
6.882548729594257964e+01 7.928702047177505818e+00 2.488939682006837684e-01 1.000000000000000000e+00 9.600000000000000000e+01 6.000000000000000000e+00 -8.500000000000000000e+00 -1.000000000000000000e+00 -1.878432631492614746e-01 -2.232563495635986328e-02 1.000000000000000000e+00 3.000000000000000000e+00 2.000000000000000000e+01 2.100000000000000000e+01 0.000000000000000000e+00 1.000000000000000000e+00 1.600000000000000000e+01 3.000000000000000000e+00
6.957785332302124459e+01 3.520353668485435961e+00 2.691784270115077371e-01 1.000000000000000000e+00 9.700000000000000000e+01 -2.500000000000000000e+00 -8.500000000000000000e+00 -1.000000000000000000e+00 -1.309018731117248535e-01 -7.606459781527519226e-03 1.000000000000000000e+00 3.000000000000000000e+00 2.000000000000000000e+01 2.200000000000000000e+01 9.000000000000000000e+00 3.000000000000000000e+00 1.600000000000000000e+01 3.000000000000000000e+00
6.688387348225799656e+01 -2.365194930346403979e+01 3.609431609368716209e-01 1.000000000000000000e+00 9.800000000000000000e+01 1.450000000000000000e+01 -9.000000000000000000e+00 -1.000000000000000000e+00 -2.388713508844375610e-01 7.639879733324050903e-02 1.000000000000000000e+00 3.000000000000000000e+00 1.900000000000000000e+01 1.900000000000000000e+01 0.000000000000000000e+00 1.000000000000000000e+00 1.600000000000000000e+01 3.000000000000000000e+00
7.236901254671774097e+01 2.690174995359062127e+00 2.850199448993890328e-01 3.000000000000000000e+00 9.900000000000000000e+01 -3.500000000000000000e+00 -8.500000000000000000e+00 -1.000000000000000000e+00 -1.188909262418746948e-01 -5.418205633759498596e-03 1.000000000000000000e+00 3.000000000000000000e+00 2.000000000000000000e+01 2.200000000000000000e+01 9.000000000000000000e+00 3.000000000000000000e+00 1.600000000000000000e+01 3.000000000000000000e+00
7.317111577431306557e+01 2.881524559811862840e+00 2.879270638488469758e-01 3.000000000000000000e+00 1.000000000000000000e+02 3.000000000000000000e+00 -8.500000000000000000e+00 -1.000000000000000000e+00 -1.209155246615409851e-01 -5.765302572399377823e-03 1.000000000000000000e+00 3.000000000000000000e+00 1.900000000000000000e+01 2.100000000000000000e+01 0.000000000000000000e+00 1.000000000000000000e+00 1.600000000000000000e+01 3.000000000000000000e+00
7.512123340499827862e+01 -1.739767185251547499e+00 3.144610579797885719e-01 1.000000000000000000e+00 1.010000000000000000e+02 1.750000000000000000e+01 -8.500000000000000000e+00 -1.000000000000000000e+00 -6.374019384384155273e-02 7.206806330941617489e-04 1.000000000000000000e+00 3.000000000000000000e+00 1.900000000000000000e+01 2.000000000000000000e+01 0.000000000000000000e+00 1.000000000000000000e+00 1.600000000000000000e+01 3.000000000000000000e+00
7.529209608786275965e+01 1.405919577330524106e+01 2.547737904156015531e-01 3.000000000000000000e+00 1.020000000000000000e+02 3.500000000000000000e+00 -8.500000000000000000e+00 -1.000000000000000000e+00 -2.483395189046859741e-01 -4.648566246032714844e-02 1.000000000000000000e+00 3.000000000000000000e+00 1.900000000000000000e+01 2.100000000000000000e+01 0.000000000000000000e+00 1.000000000000000000e+00 1.600000000000000000e+01 3.000000000000000000e+00
6.998633115471628230e+01 -3.268590850663586167e+01 4.095929597853507076e-01 1.000000000000000000e+00 1.030000000000000000e+02 1.500000000000000000e+00 -9.000000000000000000e+00 -1.000000000000000000e+00 -1.349227130413055420e-01 5.754056945443153381e-02 1.000000000000000000e+00 3.000000000000000000e+00 2.100000000000000000e+01 2.200000000000000000e+01 0.000000000000000000e+00 1.000000000000000000e+00 1.600000000000000000e+01 3.000000000000000000e+00
7.699681133170949465e+01 5.240339219395643511e+00 2.962583646514450608e-01 3.000000000000000000e+00 1.040000000000000000e+02 1.500000000000000000e+00 -8.500000000000000000e+00 -1.250000000000000000e+00 -1.655387878417968750e-01 -1.240524090826511383e-02 1.000000000000000000e+00 3.000000000000000000e+00 1.900000000000000000e+01 2.100000000000000000e+01 0.000000000000000000e+00 1.000000000000000000e+00 1.600000000000000000e+01 3.000000000000000000e+00
7.343583607743835273e+01 -2.812291886012446440e+01 4.077819935505408444e-01 3.000000000000000000e+00 1.050000000000000000e+02 5.000000000000000000e-01 -9.000000000000000000e+00 -1.000000000000000000e+00 -2.092935442924499512e-01 7.306538522243499756e-02 1.000000000000000000e+00 3.000000000000000000e+00 2.100000000000000000e+01 2.200000000000000000e+01 9.000000000000000000e+00 3.000000000000000000e+00 1.600000000000000000e+01 3.000000000000000000e+00
7.829938973507456978e+01 -3.774185776808856474e+00 3.366671304642181450e-01 3.000000000000000000e+00 1.060000000000000000e+02 8.000000000000000000e+00 -8.750000000000000000e+00 -1.250000000000000000e+00 -2.815510928630828857e-01 9.861089289188385010e-03 1.000000000000000000e+00 3.000000000000000000e+00 1.900000000000000000e+01 2.000000000000000000e+01 9.000000000000000000e+00 3.000000000000000000e+00 1.600000000000000000e+01 3.000000000000000000e+00
7.218185117997484213e+01 -3.310963472764426996e+01 4.211763711093864382e-01 1.000000000000000000e+00 1.070000000000000000e+02 0.000000000000000000e+00 -9.000000000000000000e+00 -1.000000000000000000e+00 -1.413899958133697510e-01 5.931035056710243225e-02 1.000000000000000000e+00 3.000000000000000000e+00 2.100000000000000000e+01 2.200000000000000000e+01 0.000000000000000000e+00 1.000000000000000000e+00 1.600000000000000000e+01 3.000000000000000000e+00
7.834163462089288998e+01 1.862650405925579733e+01 2.511315145550722661e-01 3.000000000000000000e+00 1.080000000000000000e+02 1.500000000000000000e+00 -8.250000000000000000e+00 -1.250000000000000000e+00 -1.076696142554283142e-01 -2.541837282478809357e-02 1.000000000000000000e+00 3.000000000000000000e+00 2.000000000000000000e+01 2.100000000000000000e+01 0.000000000000000000e+00 1.000000000000000000e+00 1.600000000000000000e+01 3.000000000000000000e+00
7.419469054449376699e+01 -3.193130813052538741e+01 4.257998529701212398e-01 3.000000000000000000e+00 1.090000000000000000e+02 5.000000000000000000e-01 -9.000000000000000000e+00 -1.000000000000000000e+00 -1.657199859619140625e-01 6.523913145065307617e-02 1.000000000000000000e+00 3.000000000000000000e+00 2.100000000000000000e+01 2.200000000000000000e+01 9.000000000000000000e+00 3.000000000000000000e+00 1.600000000000000000e+01 3.000000000000000000e+00
7.970909758903552245e+01 1.561158540375071091e+01 2.688742288126595437e-01 3.000000000000000000e+00 1.100000000000000000e+02 -2.000000000000000000e+00 -8.500000000000000000e+00 -1.250000000000000000e+00 -3.034401834011077881e-01 -5.960432067513465881e-02 1.000000000000000000e+00 3.000000000000000000e+00 2.000000000000000000e+01 2.200000000000000000e+01 4.000000000000000000e+00 3.000000000000000000e+00 1.600000000000000000e+01 3.000000000000000000e+00
8.046795206640405240e+01 1.180319708696153391e+01 2.868920846295680005e-01 3.000000000000000000e+00 1.110000000000000000e+02 -1.000000000000000000e+00 -8.500000000000000000e+00 -1.250000000000000000e+00 -2.523800134658813477e-01 -3.779747709631919861e-02 1.000000000000000000e+00 3.000000000000000000e+00 2.100000000000000000e+01 2.200000000000000000e+01 4.000000000000000000e+00 3.000000000000000000e+00 1.600000000000000000e+01 3.000000000000000000e+00
7.684209223188567250e+01 -2.755966876367560658e+01 4.210817704878574430e-01 3.000000000000000000e+00 1.120000000000000000e+02 8.000000000000000000e+00 -9.000000000000000000e+00 -1.250000000000000000e+00 -1.574660837650299072e-01 5.152383446693420410e-02 1.000000000000000000e+00 3.000000000000000000e+00 1.900000000000000000e+01 2.000000000000000000e+01 0.000000000000000000e+00 1.000000000000000000e+00 1.600000000000000000e+01 3.000000000000000000e+00
8.294016543482663906e+01 -2.410011775033720632e-02 3.433723392747695113e-01 3.000000000000000000e+00 1.130000000000000000e+02 5.000000000000000000e+00 -8.500000000000000000e+00 -1.250000000000000000e+00 -8.735185116529464722e-02 -8.995042298920452595e-04 1.000000000000000000e+00 3.000000000000000000e+00 1.900000000000000000e+01 2.100000000000000000e+01 9.000000000000000000e+00 3.000000000000000000e+00 1.600000000000000000e+01 3.000000000000000000e+00
7.472111190544457315e+01 -3.873734116918366510e+01 4.542350484244427333e-01 3.000000000000000000e+00 1.140000000000000000e+02 5.500000000000000000e+00 -9.000000000000000000e+00 -1.000000000000000000e+00 -9.057044982910156250e-02 4.312337189912796021e-02 1.000000000000000000e+00 3.000000000000000000e+00 2.000000000000000000e+01 2.100000000000000000e+01 0.000000000000000000e+00 1.000000000000000000e+00 1.600000000000000000e+01 3.000000000000000000e+00
8.414007986164219233e+01 -3.705620081337162447e-02 3.488663380119120805e-01 3.000000000000000000e+00 1.150000000000000000e+02 4.500000000000000000e+00 -8.500000000000000000e+00 -1.250000000000000000e+00 -8.718150109052658081e-02 -8.855909109115600586e-04 1.000000000000000000e+00 3.000000000000000000e+00 2.000000000000000000e+01 2.100000000000000000e+01 9.000000000000000000e+00 3.000000000000000000e+00 1.600000000000000000e+01 3.000000000000000000e+00
8.493786508006880354e+01 -2.456805105404062384e-01 3.532845621301413663e-01 3.000000000000000000e+00 1.160000000000000000e+02 6.000000000000000000e+00 -8.500000000000000000e+00 -1.250000000000000000e+00 -8.433573693037033081e-02 -6.603468791581690311e-04 1.000000000000000000e+00 3.000000000000000000e+00 1.900000000000000000e+01 2.100000000000000000e+01 9.000000000000000000e+00 3.000000000000000000e+00 1.600000000000000000e+01 3.000000000000000000e+00
8.202357264971956852e+01 2.618713747402454572e+01 2.389032122855213602e-01 3.000000000000000000e+00 1.170000000000000000e+02 7.000000000000000000e+00 -8.250000000000000000e+00 -1.250000000000000000e+00 -1.906586736440658569e-01 -5.994025990366935730e-02 1.000000000000000000e+00 3.000000000000000000e+00 2.000000000000000000e+01 2.200000000000000000e+01 0.000000000000000000e+00 1.000000000000000000e+00 1.600000000000000000e+01 3.000000000000000000e+00
8.693772754400796998e+01 -2.672740372273084142e-01 3.624412499787070807e-01 3.000000000000000000e+00 1.180000000000000000e+02 1.100000000000000000e+01 -8.500000000000000000e+00 -1.250000000000000000e+00 -8.412698656320571899e-02 -6.442985613830387592e-04 1.000000000000000000e+00 3.000000000000000000e+00 1.900000000000000000e+01 2.100000000000000000e+01 9.000000000000000000e+00 3.000000000000000000e+00 1.600000000000000000e+01 3.000000000000000000e+00
8.787926266986931978e+01 -5.677716304557733018e+00 3.874190395370893381e-01 3.000000000000000000e+00 1.190000000000000000e+02 2.400000000000000000e+01 -8.750000000000000000e+00 -1.250000000000000000e+00 -2.618322074413299561e-01 1.331830397248268127e-02 1.000000000000000000e+00 3.000000000000000000e+00 1.900000000000000000e+01 2.100000000000000000e+01 0.000000000000000000e+00 1.000000000000000000e+00 1.600000000000000000e+01 3.000000000000000000e+00
8.546312748930934333e+01 -2.565265213172159520e+01 4.529001707322962700e-01 3.000000000000000000e+00 1.200000000000000000e+02 -2.500000000000000000e+00 -8.750000000000000000e+00 -1.250000000000000000e+00 9.638322517275810242e-03 -2.639318816363811493e-03 1.000000000000000000e+00 3.000000000000000000e+00 2.000000000000000000e+01 2.200000000000000000e+01 4.000000000000000000e+00 3.000000000000000000e+00 1.600000000000000000e+01 3.000000000000000000e+00
9.012669034063311813e+01 -1.301758037093813325e+00 3.808696118236130079e-01 3.000000000000000000e+00 1.210000000000000000e+02 2.050000000000000000e+01 -8.500000000000000000e+00 -1.250000000000000000e+00 -7.087672501802444458e-02 2.247676311526447535e-04 1.000000000000000000e+00 3.000000000000000000e+00 1.900000000000000000e+01 2.000000000000000000e+01 1.500000000000000000e+01 1.000000000000000000e+00 1.600000000000000000e+01 3.000000000000000000e+00
8.777775764309635065e+01 2.192479101230443916e+01 2.813238599891262903e-01 3.000000000000000000e+00 1.220000000000000000e+02 1.450000000000000000e+01 -8.250000000000000000e+00 -1.250000000000000000e+00 -1.218303889036178589e-01 -3.032517246901988983e-02 1.000000000000000000e+00 3.000000000000000000e+00 1.900000000000000000e+01 2.100000000000000000e+01 0.000000000000000000e+00 1.000000000000000000e+00 1.600000000000000000e+01 3.000000000000000000e+00
9.155471223551471383e+01 1.282955856293439112e+00 3.774573447647937563e-01 3.000000000000000000e+00 1.230000000000000000e+02 2.500000000000000000e+00 -8.500000000000000000e+00 -1.250000000000000000e+00 -1.040196716785430908e-01 -2.492137951776385307e-03 1.000000000000000000e+00 3.000000000000000000e+00 2.000000000000000000e+01 2.200000000000000000e+01 1.100000000000000000e+01 3.000000000000000000e+00 1.600000000000000000e+01 3.000000000000000000e+00
9.312215839914787807e+01 -1.734122059330500232e+00 3.961157136100738052e-01 3.000000000000000000e+00 1.240000000000000000e+02 1.150000000000000000e+01 -8.500000000000000000e+00 -1.250000000000000000e+00 -6.597798317670822144e-02 4.732027591671794653e-04 1.000000000000000000e+00 3.000000000000000000e+00 1.900000000000000000e+01 2.100000000000000000e+01 1.500000000000000000e+01 1.000000000000000000e+00 1.600000000000000000e+01 3.000000000000000000e+00
