7.788428253722943229e-01 2.696380674052516468e+00 -5.644199438520968587e-03 1.000000000000000000e+00 0.000000000000000000e+00 0.000000000000000000e+00 -8.000000000000000000e+00 0.000000000000000000e+00 2.687087841331958771e-02 5.182241648435592651e-02 1.000000000000000000e+00 3.000000000000000000e+00 1.900000000000000000e+01 2.000000000000000000e+01 0.000000000000000000e+00 1.000000000000000000e+00 1.900000000000000000e+01 3.000000000000000000e+00
9.793545139409667311e-01 3.096124243505344875e+00 -5.429581073359208629e-03 4.000000000000000000e+00 1.000000000000000000e+00 -2.000000000000000000e+00 0.000000000000000000e+00 0.000000000000000000e+00 1.709536552429199219e+00 3.312226772308349609e+00 1.000000000000000000e+00 0.000000000000000000e+00 0.000000000000000000e+00 0.000000000000000000e+00 7.000000000000000000e+00 6.000000000000000000e+00 0.000000000000000000e+00 0.000000000000000000e+00
4.380118494336110224e+00 3.691772647748161162e+00 -2.720760899895408209e-03 1.000000000000000000e+00 2.000000000000000000e+00 6.000000000000000000e+00 -8.250000000000000000e+00 -2.500000000000000000e-01 -2.129721045494079590e-01 -1.575993448495864868e-01 1.000000000000000000e+00 3.000000000000000000e+00 1.900000000000000000e+01 1.900000000000000000e+01 0.000000000000000000e+00 1.000000000000000000e+00 1.700000000000000000e+01 3.000000000000000000e+00
7.365015155769680355e+00 -8.112057314457906898e+00 -2.199310506614798183e-03 1.000000000000000000e+00 3.000000000000000000e+00 -3.000000000000000000e+00 -8.250000000000000000e+00 -2.500000000000000000e-01 3.800147026777267456e-02 -3.847649320960044861e-02 1.000000000000000000e+00 3.000000000000000000e+00 1.900000000000000000e+01 1.900000000000000000e+01 0.000000000000000000e+00 1.000000000000000000e+00 1.700000000000000000e+01 3.000000000000000000e+00
8.165014454233833874e+00 -8.113081136040339203e+00 -1.583338064285220483e-03 1.000000000000000000e+00 4.000000000000000000e+00 2.500000000000000000e+00 -8.500000000000000000e+00 -2.500000000000000000e-01 -1.052352190017700195e-01 9.686424583196640015e-02 1.000000000000000000e+00 3.000000000000000000e+00 1.900000000000000000e+01 1.900000000000000000e+01 0.000000000000000000e+00 1.000000000000000000e+00 1.700000000000000000e+01 3.000000000000000000e+00
8.965013752697984728e+00 -8.114104957622771508e+00 -9.673656219556436495e-04 1.000000000000000000e+00 5.000000000000000000e+00 1.000000000000000000e+00 -8.500000000000000000e+00 -2.500000000000000000e-01 -1.239484027028083801e-01 1.045814678072929382e-01 1.000000000000000000e+00 3.000000000000000000e+00 1.900000000000000000e+01 1.900000000000000000e+01 0.000000000000000000e+00 1.000000000000000000e+00 1.700000000000000000e+01 3.000000000000000000e+00
9.765012097488884990e+00 -8.115128777984715214e+00 -3.513939139222635802e-04 1.000000000000000000e+00 6.000000000000000000e+00 1.000000000000000000e+00 -8.500000000000000000e+00 -2.500000000000000000e-01 -1.414447128772735596e-01 1.101636737585067749e-01 1.000000000000000000e+00 3.000000000000000000e+00 1.900000000000000000e+01 1.900000000000000000e+01 0.000000000000000000e+00 1.000000000000000000e+00 1.700000000000000000e+01 3.000000000000000000e+00
1.076501098215075913e+01 -8.116408554657633445e+00 4.185714554156587039e-04 1.000000000000000000e+00 7.000000000000000000e+00 -5.000000000000000000e-01 -8.500000000000000000e+00 -2.500000000000000000e-01 -1.615409553050994873e-01 1.147791072726249695e-01 1.000000000000000000e+00 3.000000000000000000e+00 1.900000000000000000e+01 1.900000000000000000e+01 0.000000000000000000e+00 1.000000000000000000e+00 1.700000000000000000e+01 3.000000000000000000e+00
1.178497256859274600e+01 7.482299098218004652e+00 3.552922656735854959e-03 1.000000000000000000e+00 8.000000000000000000e+00 0.000000000000000000e+00 -8.250000000000000000e+00 -2.500000000000000000e-01 -2.183587253093719482e-01 -1.320718079805374146e-01 1.000000000000000000e+00 3.000000000000000000e+00 1.900000000000000000e+01 1.900000000000000000e+01 0.000000000000000000e+00 1.000000000000000000e+00 1.700000000000000000e+01 3.000000000000000000e+00
1.196475447485984489e+01 -8.317943930856554147e+00 1.312217876836180991e-03 1.000000000000000000e+00 9.000000000000000000e+00 8.500000000000000000e+00 -8.500000000000000000e+00 -2.500000000000000000e-01 -1.779112517833709717e-01 1.171955093741416931e-01 1.000000000000000000e+00 3.000000000000000000e+00 1.900000000000000000e+01 1.900000000000000000e+01 0.000000000000000000e+00 1.000000000000000000e+00 1.700000000000000000e+01 3.000000000000000000e+00
1.296475335952172259e+01 -8.319223707529474154e+00 2.082183246174103275e-03 1.000000000000000000e+00 1.000000000000000000e+01 1.000000000000000000e+01 -8.500000000000000000e+00 -2.500000000000000000e-01 -1.940659880638122559e-01 1.184373274445533752e-01 1.000000000000000000e+00 3.000000000000000000e+00 1.900000000000000000e+01 1.900000000000000000e+01 0.000000000000000000e+00 1.000000000000000000e+00 1.700000000000000000e+01 3.000000000000000000e+00
1.416449589855755420e+01 -8.520759082507904481e+00 2.975828933298427931e-03 1.000000000000000000e+00 1.100000000000000000e+01 -2.500000000000000000e+00 -8.250000000000000000e+00 -2.500000000000000000e-01 -1.856724172830581665e-02 1.066361740231513977e-02 1.000000000000000000e+00 3.000000000000000000e+00 1.900000000000000000e+01 1.900000000000000000e+01 1.100000000000000000e+01 3.000000000000000000e+00 1.700000000000000000e+01 3.000000000000000000e+00
1.496475112884547443e+01 -8.321783260875310617e+00 3.622113984849947843e-03 1.000000000000000000e+00 1.200000000000000000e+01 8.500000000000000000e+00 -8.500000000000000000e+00 -2.500000000000000000e-01 -2.217316329479217529e-01 1.179725974798202515e-01 1.000000000000000000e+00 3.000000000000000000e+00 1.900000000000000000e+01 1.900000000000000000e+01 0.000000000000000000e+00 1.000000000000000000e+00 1.600000000000000000e+01 3.000000000000000000e+00
1.496321553668247617e+01 -9.521782073839000660e+00 3.440238184976371003e-03 1.000000000000000000e+00 1.300000000000000000e+01 8.500000000000000000e+00 -8.500000000000000000e+00 -2.500000000000000000e-01 -1.945170015096664429e-01 1.184558719396591187e-01 1.000000000000000000e+00 3.000000000000000000e+00 1.900000000000000000e+01 1.900000000000000000e+01 0.000000000000000000e+00 1.000000000000000000e+00 1.700000000000000000e+01 3.000000000000000000e+00
1.259188203240057646e+01 1.288127041180894317e+01 4.987336270767493696e-03 3.000000000000000000e+00 1.400000000000000000e+01 -2.500000000000000000e+00 -8.500000000000000000e+00 -2.500000000000000000e-01 -3.246139287948608398e-01 -3.172363042831420898e-01 1.000000000000000000e+00 3.000000000000000000e+00 2.000000000000000000e+01 2.000000000000000000e+01 1.600000000000000000e+01 1.000000000000000000e+00 1.700000000000000000e+01 3.000000000000000000e+00
1.656398193030247157e+01 -8.923829833685259061e+00 4.763121041843275741e-03 1.000000000000000000e+00 1.500000000000000000e+01 -5.000000000000000000e-01 -8.500000000000000000e+00 -2.500000000000000000e-01 -2.270862013101577759e-01 1.175038963556289673e-01 1.000000000000000000e+00 3.000000000000000000e+00 1.900000000000000000e+01 1.900000000000000000e+01 9.000000000000000000e+00 3.000000000000000000e+00 1.600000000000000000e+01 3.000000000000000000e+00
1.636321359373980400e+01 -9.523573760692890744e+00 4.518189408330984189e-03 1.000000000000000000e+00 1.600000000000000000e+01 1.500000000000000000e+00 -8.500000000000000000e+00 -2.500000000000000000e-01 -2.120635807514190674e-01 1.185061112046241760e-01 1.000000000000000000e+00 3.000000000000000000e+00 1.900000000000000000e+01 1.900000000000000000e+01 9.000000000000000000e+00 3.000000000000000000e+00 1.600000000000000000e+01 3.000000000000000000e+00
1.299418554732396558e+01 1.468075719668978074e+01 5.568136631161705805e-03 2.000000000000000000e+00 1.700000000000000000e+01 3.500000000000000000e+00 -9.250000000000000000e+00 -2.500000000000000000e-01 -6.496668457984924316e-01 -7.022133469581604004e-01 1.000000000000000000e+00 3.000000000000000000e+00 2.000000000000000000e+01 2.000000000000000000e+01 0.000000000000000000e+00 1.000000000000000000e+00 1.800000000000000000e+01 3.000000000000000000e+00
1.756423674678811864e+01 -8.725109967143149348e+00 5.563399020403141104e-03 1.000000000000000000e+00 1.800000000000000000e+01 8.000000000000000000e+00 -8.250000000000000000e+00 -2.500000000000000000e-01 -3.828429058194160461e-02 1.830073073506355286e-02 1.000000000000000000e+00 3.000000000000000000e+00 1.900000000000000000e+01 1.900000000000000000e+01 0.000000000000000000e+00 1.000000000000000000e+00 1.600000000000000000e+01 3.000000000000000000e+00
1.896781785242916740e+01 -5.926904264802839606e+00 7.065727134219754180e-03 0.000000000000000000e+00 1.900000000000000000e+01 9.500000000000000000e+00 -6.000000000000000000e+00 0.000000000000000000e+00 1.913281559944152832e+00 -5.759367942810058594e-01 1.000000000000000000e+00 3.000000000000000000e+00 1.900000000000000000e+01 1.900000000000000000e+01 0.000000000000000000e+00 1.000000000000000000e+00 1.600000000000000000e+01 3.000000000000000000e+00
1.996730487283331712e+01 -6.328183804742575802e+00 7.775067212842830255e-03 0.000000000000000000e+00 2.000000000000000000e+01 2.000000000000000000e+00 -6.000000000000000000e+00 0.000000000000000000e+00 1.908100724220275879e+00 -5.835453867912292480e-01 1.000000000000000000e+00 3.000000000000000000e+00 1.900000000000000000e+01 1.900000000000000000e+01 1.100000000000000000e+01 3.000000000000000000e+00 1.600000000000000000e+01 3.000000000000000000e+00
1.976628060505706941e+01 -7.127926898128473354e+00 7.499823042379555674e-03 0.000000000000000000e+00 2.100000000000000000e+01 1.100000000000000000e+01 -6.000000000000000000e+00 0.000000000000000000e+00 1.860445380210876465e+00 -6.475079059600830078e-01 1.000000000000000000e+00 3.000000000000000000e+00 1.900000000000000000e+01 1.900000000000000000e+01 0.000000000000000000e+00 1.000000000000000000e+00 1.600000000000000000e+01 3.000000000000000000e+00
1.776014046647113531e+01 -1.192536307347416269e+01 5.232389031938441959e-03 0.000000000000000000e+00 2.200000000000000000e+01 -4.500000000000000000e+00 -6.250000000000000000e+00 0.000000000000000000e+00 1.290600776672363281e+00 -8.346820473670959473e-01 1.000000000000000000e+00 1.000000000000000000e+00 1.900000000000000000e+01 1.900000000000000000e+01 4.000000000000000000e+00 3.000000000000000000e+00 1.700000000000000000e+01 3.000000000000000000e+00
2.016397638920802393e+01 -8.928437027754981159e+00 7.534995196585880448e-03 1.000000000000000000e+00 2.300000000000000000e+01 0.000000000000000000e+00 -8.250000000000000000e+00 -2.500000000000000000e-01 -4.958496987819671631e-02 2.121664583683013916e-02 1.000000000000000000e+00 3.000000000000000000e+00 1.900000000000000000e+01 1.900000000000000000e+01 0.000000000000000000e+00 1.000000000000000000e+00 1.600000000000000000e+01 3.000000000000000000e+00
2.216806907137322824e+01 -5.730999428639800719e+00 9.559928116438572848e-03 0.000000000000000000e+00 2.400000000000000000e+01 -3.500000000000000000e+00 -6.000000000000000000e+00 0.000000000000000000e+00 1.964771628379821777e+00 -4.911929070949554443e-01 1.000000000000000000e+00 1.000000000000000000e+00 2.000000000000000000e+01 1.900000000000000000e+01 0.000000000000000000e+00 1.000000000000000000e+00 1.600000000000000000e+01 3.000000000000000000e+00
1.979110601576013195e+01 1.227205709036294579e+01 1.044014895547546590e-02 3.000000000000000000e+00 2.500000000000000000e+01 1.500000000000000000e+00 -7.750000000000000000e+00 -2.500000000000000000e-01 1.482901275157928467e-01 8.941022306680679321e-02 1.000000000000000000e+00 3.000000000000000000e+00 2.000000000000000000e+01 1.900000000000000000e+01 0.000000000000000000e+00 1.000000000000000000e+00 1.700000000000000000e+01 3.000000000000000000e+00
2.158701023971795863e+01 9.069756338426087083e+00 1.134108532026231742e-02 1.000000000000000000e+00 2.600000000000000000e+01 -5.000000000000000000e-01 -8.250000000000000000e+00 -5.000000000000000000e-01 -3.043577075004577637e-01 -1.247592344880104065e-01 1.000000000000000000e+00 3.000000000000000000e+00 1.900000000000000000e+01 1.900000000000000000e+01 1.100000000000000000e+01 3.000000000000000000e+00 1.600000000000000000e+01 3.000000000000000000e+00
2.238444926322021189e+01 7.068733701730055330e+00 1.165393057472146818e-02 1.000000000000000000e+00 2.700000000000000000e+01 -1.000000000000000000e+00 -8.250000000000000000e+00 -5.000000000000000000e-01 -2.800295650959014893e-01 -8.644390851259231567e-02 1.000000000000000000e+00 3.000000000000000000e+00 2.000000000000000000e+01 1.900000000000000000e+01 0.000000000000000000e+00 1.000000000000000000e+00 1.600000000000000000e+01 3.000000000000000000e+00
2.318547133652656811e+01 7.867709407901748442e+00 1.239115286418453893e-02 1.000000000000000000e+00 2.800000000000000000e+01 -4.500000000000000000e+00 -8.000000000000000000e+00 -5.000000000000000000e-01 -6.117394194006919861e-02 -2.030563727021217346e-02 1.000000000000000000e+00 3.000000000000000000e+00 1.900000000000000000e+01 1.900000000000000000e+01 1.100000000000000000e+01 3.000000000000000000e+00 1.600000000000000000e+01 3.000000000000000000e+00
2.418009564770267161e+01 3.666433070600767952e+00 1.252455282555849786e-02 1.000000000000000000e+00 2.900000000000000000e+01 -3.500000000000000000e+00 -8.250000000000000000e+00 -5.000000000000000000e-01 -2.248317450284957886e-01 -3.354344516992568970e-02 1.000000000000000000e+00 3.000000000000000000e+00 1.900000000000000000e+01 1.900000000000000000e+01 4.000000000000000000e+00 3.000000000000000000e+00 1.600000000000000000e+01 3.000000000000000000e+00
2.219238261781855925e+01 1.326898479658479957e+01 1.243962873881963513e-02 3.000000000000000000e+00 3.000000000000000000e+01 -3.000000000000000000e+00 -8.000000000000000000e+00 -5.000000000000000000e-01 -1.410792171955108643e-01 -8.229622244834899902e-02 1.000000000000000000e+00 3.000000000000000000e+00 2.000000000000000000e+01 2.000000000000000000e+01 4.000000000000000000e+00 3.000000000000000000e+00 1.700000000000000000e+01 3.000000000000000000e+00
1.795067152031997537e+01 -1.932561250445583312e+01 4.264815140237654748e-03 1.000000000000000000e+00 3.100000000000000000e+01 1.000000000000000000e+00 -8.750000000000000000e+00 -2.500000000000000000e-01 -2.009023427963256836e-01 2.084631919860839844e-01 1.000000000000000000e+00 3.000000000000000000e+00 2.000000000000000000e+01 2.000000000000000000e+01 0.000000000000000000e+00 1.000000000000000000e+00 1.800000000000000000e+01 3.000000000000000000e+00
2.418777360943294497e+01 9.666427850674365274e+00 1.343393193333282734e-02 3.000000000000000000e+00 3.200000000000000000e+01 -2.500000000000000000e+00 -8.000000000000000000e+00 -5.000000000000000000e-01 -8.364899456501007080e-02 -3.271755203604698181e-02 1.000000000000000000e+00 3.000000000000000000e+00 2.000000000000000000e+01 1.900000000000000000e+01 0.000000000000000000e+00 1.000000000000000000e+00 1.600000000000000000e+01 3.000000000000000000e+00
2.578009424463097332e+01 3.664385427435902454e+00 1.375649771021765500e-02 1.000000000000000000e+00 3.300000000000000000e+01 -5.000000000000000000e+00 -8.000000000000000000e+00 -5.000000000000000000e-01 2.404953911900520325e-02 3.370579332113265991e-03 1.000000000000000000e+00 3.000000000000000000e+00 1.900000000000000000e+01 1.900000000000000000e+01 1.100000000000000000e+01 3.000000000000000000e+00 1.600000000000000000e+01 3.000000000000000000e+00
2.398956650211561836e+01 1.106668321439660474e+01 1.349212829425812041e-02 3.000000000000000000e+00 3.400000000000000000e+01 2.000000000000000000e+00 -8.250000000000000000e+00 -5.000000000000000000e-01 -3.119044005870819092e-01 -1.407373696565628052e-01 1.000000000000000000e+00 3.000000000000000000e+00 1.900000000000000000e+01 1.900000000000000000e+01 0.000000000000000000e+00 1.000000000000000000e+00 1.600000000000000000e+01 3.000000000000000000e+00
2.538444591720584498e+01 7.064894371711299748e+00 1.396382668273523503e-02 1.000000000000000000e+00 3.500000000000000000e+01 -4.000000000000000000e+00 -8.250000000000000000e+00 -5.000000000000000000e-01 -2.694533169269561768e-01 -7.358147948980331421e-02 1.000000000000000000e+00 3.000000000000000000e+00 1.900000000000000000e+01 1.900000000000000000e+01 4.000000000000000000e+00 3.000000000000000000e+00 1.600000000000000000e+01 3.000000000000000000e+00
2.717753298100984338e+01 1.662595401084686397e+00 1.453132255226899372e-02 0.000000000000000000e+00 3.600000000000000000e+01 2.000000000000000000e+01 -3.500000000000000000e+00 0.000000000000000000e+00 4.576063156127929688e+00 2.798312008380889893e-01 1.000000000000000000e+00 3.000000000000000000e+00 1.900000000000000000e+01 1.900000000000000000e+01 0.000000000000000000e+00 1.000000000000000000e+00 1.600000000000000000e+01 3.000000000000000000e+00
2.638367700578621822e+01 6.463615188556535607e+00 1.464285415213636629e-02 1.000000000000000000e+00 3.700000000000000000e+01 -5.000000000000000000e-01 -8.250000000000000000e+00 -5.000000000000000000e-01 -2.589524388313293457e-01 -6.234040111303329468e-02 1.000000000000000000e+00 3.000000000000000000e+00 2.000000000000000000e+01 1.900000000000000000e+01 0.000000000000000000e+00 1.000000000000000000e+00 1.600000000000000000e+01 3.000000000000000000e+00
2.060006388905175356e+01 1.927102650212714252e+01 1.211706432212076440e-02 0.000000000000000000e+00 3.800000000000000000e+01 7.500000000000000000e+00 -3.500000000000000000e+00 0.000000000000000000e+00 2.519961833953857422e+00 2.294115781784057617e+00 1.000000000000000000e+00 1.000000000000000000e+00 2.000000000000000000e+01 2.000000000000000000e+01 0.000000000000000000e+00 1.000000000000000000e+00 1.700000000000000000e+01 3.000000000000000000e+00
2.837804426949533365e+01 2.061059192949228347e+00 1.551590683749082614e-02 0.000000000000000000e+00 3.900000000000000000e+01 4.500000000000000000e+00 -3.500000000000000000e+00 0.000000000000000000e+00 4.569416522979736328e+00 3.308887481689453125e-01 1.000000000000000000e+00 1.000000000000000000e+00 1.900000000000000000e+01 1.900000000000000000e+01 1.100000000000000000e+01 3.000000000000000000e+00 1.600000000000000000e+01 3.000000000000000000e+00
2.676243381606233385e+01 -1.013688332092165467e+01 1.243489098351914859e-02 1.000000000000000000e+00 4.000000000000000000e+01 1.500000000000000000e+00 -8.500000000000000000e+00 -5.000000000000000000e-01 -2.027163654565811157e-01 7.472392171621322632e-02 1.000000000000000000e+00 3.000000000000000000e+00 2.000000000000000000e+01 1.900000000000000000e+01 0.000000000000000000e+00 1.000000000000000000e+00 1.600000000000000000e+01 3.000000000000000000e+00
2.838239511477074828e+01 5.461056465462036158e+00 1.603122170016057710e-02 1.000000000000000000e+00 4.100000000000000000e+01 2.000000000000000000e+01 -8.250000000000000000e+00 -5.000000000000000000e-01 -2.406811267137527466e-01 -4.564642161130905151e-02 1.000000000000000000e+00 3.000000000000000000e+00 1.900000000000000000e+01 1.900000000000000000e+01 0.000000000000000000e+00 1.000000000000000000e+00 1.600000000000000000e+01 3.000000000000000000e+00
2.234887470493540818e+01 -2.073124388485424774e+01 7.440473773426669463e-03 3.000000000000000000e+00 4.200000000000000000e+01 3.000000000000000000e+00 -8.500000000000000000e+00 -5.000000000000000000e-01 1.428746152669191360e-02 -1.285871677100658417e-02 1.000000000000000000e+00 3.000000000000000000e+00 2.000000000000000000e+01 2.000000000000000000e+01 0.000000000000000000e+00 1.000000000000000000e+00 1.700000000000000000e+01 3.000000000000000000e+00
2.639544988066304043e+01 1.566360735950953220e+01 1.603723547722302537e-02 1.000000000000000000e+00 4.300000000000000000e+01 -3.500000000000000000e+00 -8.000000000000000000e+00 -5.000000000000000000e-01 -1.406398266553878784e-01 -8.177945017814636230e-02 1.000000000000000000e+00 3.000000000000000000e+00 2.000000000000000000e+01 2.000000000000000000e+01 4.000000000000000000e+00 3.000000000000000000e+00 1.700000000000000000e+01 3.000000000000000000e+00
3.038520813659672370e+01 7.658494894828552724e+00 1.790459142936163400e-02 1.000000000000000000e+00 4.400000000000000000e+01 8.000000000000000000e+00 -8.250000000000000000e+00 -5.000000000000000000e-01 -2.615119516849517822e-01 -6.495618820190429688e-02 1.000000000000000000e+00 3.000000000000000000e+00 2.000000000000000000e+01 1.900000000000000000e+01 0.000000000000000000e+00 1.000000000000000000e+00 1.600000000000000000e+01 3.000000000000000000e+00
2.939032789329175799e+01 1.165977135049612379e+01 1.774087882263025023e-02 3.000000000000000000e+00 4.500000000000000000e+01 8.500000000000000000e+00 -8.250000000000000000e+00 -5.000000000000000000e-01 -3.002354204654693604e-01 -1.170918047428131104e-01 1.000000000000000000e+00 3.000000000000000000e+00 1.900000000000000000e+01 1.900000000000000000e+01 0.000000000000000000e+00 1.000000000000000000e+00 1.600000000000000000e+01 3.000000000000000000e+00
2.719647195396940020e+01 1.646258306568122620e+01 1.677445776668609612e-02 1.000000000000000000e+00 4.600000000000000000e+01 2.500000000000000000e+00 -8.500000000000000000e+00 -5.000000000000000000e-01 -5.132083892822265625e-01 -3.046021163463592529e-01 1.000000000000000000e+00 3.000000000000000000e+00 1.900000000000000000e+01 1.900000000000000000e+01 1.600000000000000000e+01 1.000000000000000000e+00 1.700000000000000000e+01 3.000000000000000000e+00
1.253685663781377357e+01 -3.011869388738357145e+01 -1.529880927252808345e-03 4.000000000000000000e+00 4.700000000000000000e+01 1.700000000000000000e+01 0.000000000000000000e+00 0.000000000000000000e+00 1.298593282699584961e+00 -2.961186170578002930e+00 1.000000000000000000e+00 0.000000000000000000e+00 0.000000000000000000e+00 0.000000000000000000e+00 7.000000000000000000e+00 6.000000000000000000e+00 0.000000000000000000e+00 0.000000000000000000e+00
3.118495054956385459e+01 7.457471431251582850e+00 1.849025052817307099e-02 1.000000000000000000e+00 4.800000000000000000e+01 1.000000000000000000e+00 -8.250000000000000000e+00 -5.000000000000000000e-01 -2.572914659976959229e-01 -6.068195402622222900e-02 1.000000000000000000e+00 3.000000000000000000e+00 1.900000000000000000e+01 1.900000000000000000e+01 1.100000000000000000e+01 3.000000000000000000e+00 1.600000000000000000e+01 3.000000000000000000e+00
3.376575503341211970e+01 -7.545843537257129974e+00 1.821871439098801670e-02 0.000000000000000000e+00 4.900000000000000000e+01 1.500000000000000000e+01 -3.750000000000000000e+00 0.000000000000000000e+00 4.141293048858642578e+00 -9.028981924057006836e-01 1.000000000000000000e+00 3.000000000000000000e+00 1.900000000000000000e+01 1.900000000000000000e+01 0.000000000000000000e+00 1.000000000000000000e+00 1.600000000000000000e+01 3.000000000000000000e+00
3.115500649811407285e+01 -1.594250875939772705e+01 1.494367192474158057e-02 0.000000000000000000e+00 5.000000000000000000e+01 6.500000000000000000e+00 -3.750000000000000000e+00 0.000000000000000000e+00 3.466452836990356445e+00 -1.733226418495178223e+00 1.000000000000000000e+00 2.000000000000000000e+00 1.900000000000000000e+01 1.900000000000000000e+01 0.000000000000000000e+00 1.000000000000000000e+00 1.600000000000000000e+01 3.000000000000000000e+00
3.496677437176742131e+01 -6.747379738825427964e+00 1.926392106587538483e-02 0.000000000000000000e+00 5.100000000000000000e+01 1.650000000000000000e+01 -3.750000000000000000e+00 0.000000000000000000e+00 4.190263271331787109e+00 -7.886169552803039551e-01 1.000000000000000000e+00 3.000000000000000000e+00 1.900000000000000000e+01 1.900000000000000000e+01 1.100000000000000000e+01 3.000000000000000000e+00 1.600000000000000000e+01 3.000000000000000000e+00
3.656472741901131229e+01 -8.349426437498545184e+00 2.025336625626755066e-02 0.000000000000000000e+00 5.200000000000000000e+01 3.150000000000000000e+01 -3.750000000000000000e+00 0.000000000000000000e+00 4.132339000701904297e+00 -9.220003485679626465e-01 1.000000000000000000e+00 3.000000000000000000e+00 1.900000000000000000e+01 1.900000000000000000e+01 0.000000000000000000e+00 1.000000000000000000e+00 1.600000000000000000e+01 3.000000000000000000e+00
3.678366693214694294e+01 6.450305509205399801e+00 2.265049516812467356e-02 1.000000000000000000e+00 5.300000000000000000e+01 1.400000000000000000e+01 -8.250000000000000000e+00 -5.000000000000000000e-01 -2.346084117889404297e-01 -4.077418893575668335e-02 1.000000000000000000e+00 3.000000000000000000e+00 2.000000000000000000e+01 2.000000000000000000e+01 0.000000000000000000e+00 1.000000000000000000e+00 1.600000000000000000e+01 3.000000000000000000e+00
2.834170191695960028e+01 -2.633891636960663263e+01 1.121151235307212349e-02 0.000000000000000000e+00 5.400000000000000000e+01 1.200000000000000000e+01 -3.750000000000000000e+00 0.000000000000000000e+00 2.373567819595336914e+00 -2.152580499649047852e+00 1.000000000000000000e+00 1.000000000000000000e+00 1.900000000000000000e+01 1.900000000000000000e+01 0.000000000000000000e+00 1.000000000000000000e+00 1.700000000000000000e+01 3.000000000000000000e+00
3.776447091172040160e+01 -8.550961813697467662e+00 2.114701267768807208e-02 0.000000000000000000e+00 5.500000000000000000e+01 8.000000000000000000e+00 -3.750000000000000000e+00 0.000000000000000000e+00 4.135457992553710938e+00 -9.154008626937866211e-01 1.000000000000000000e+00 3.000000000000000000e+00 1.900000000000000000e+01 1.900000000000000000e+01 1.100000000000000000e+01 3.000000000000000000e+00 1.600000000000000000e+01 3.000000000000000000e+00
3.937035403874060790e+01 -3.953013368944853667e+00 2.307614675629816176e-02 0.000000000000000000e+00 5.600000000000000000e+01 1.800000000000000000e+01 2.750000000000000000e+00 0.000000000000000000e+00 1.073823642730712891e+01 -1.046978116035461426e+00 1.000000000000000000e+00 3.000000000000000000e+00 1.900000000000000000e+01 1.900000000000000000e+01 0.000000000000000000e+00 1.000000000000000000e+00 1.600000000000000000e+01 3.000000000000000000e+00
3.956446814117317956e+01 -8.553265410732327823e+00 2.253294975505937617e-02 0.000000000000000000e+00 5.700000000000000000e+01 1.300000000000000000e+01 -3.750000000000000000e+00 0.000000000000000000e+00 4.152609348297119141e+00 -8.780393004417419434e-01 1.000000000000000000e+00 3.000000000000000000e+00 1.900000000000000000e+01 1.900000000000000000e+01 0.000000000000000000e+00 1.000000000000000000e+00 1.600000000000000000e+01 3.000000000000000000e+00
4.096907106798317955e+01 -4.955060179417402288e+00 2.415652698171328466e-02 0.000000000000000000e+00 5.800000000000000000e+01 -2.000000000000000000e+00 2.750000000000000000e+00 0.000000000000000000e+00 1.069161510467529297e+01 -1.259348988533020020e+00 1.000000000000000000e+00 3.000000000000000000e+00 2.000000000000000000e+01 2.000000000000000000e+01 1.100000000000000000e+01 3.000000000000000000e+00 1.600000000000000000e+01 3.000000000000000000e+00
4.117572584175543682e+01 2.446796542529421914e-01 2.509864925066730007e-02 1.000000000000000000e+00 5.900000000000000000e+01 -5.000000000000000000e-01 -8.250000000000000000e+00 -7.500000000000000000e-01 -1.631726026535034180e-01 -1.171095296740531921e-03 1.000000000000000000e+00 3.000000000000000000e+00 1.900000000000000000e+01 1.900000000000000000e+01 4.000000000000000000e+00 3.000000000000000000e+00 1.600000000000000000e+01 3.000000000000000000e+00
3.594706648647296277e+01 -2.214864730183187191e+01 1.769981321245297709e-02 1.000000000000000000e+00 6.000000000000000000e+01 -1.000000000000000000e+00 -8.500000000000000000e+00 -5.000000000000000000e-01 -8.565976470708847046e-02 5.172352120280265808e-02 1.000000000000000000e+00 3.000000000000000000e+00 2.000000000000000000e+01 2.000000000000000000e+01 4.000000000000000000e+00 3.000000000000000000e+00 1.700000000000000000e+01 3.000000000000000000e+00
4.357393316630046343e+01 -1.158390685125731956e+00 2.673437883961961303e-02 1.000000000000000000e+00 6.100000000000000000e+01 5.500000000000000000e+00 -8.250000000000000000e+00 -7.500000000000000000e-01 -1.396230608224868774e-01 3.474782221019268036e-03 1.000000000000000000e+00 3.000000000000000000e+00 1.900000000000000000e+01 1.900000000000000000e+01 0.000000000000000000e+00 1.000000000000000000e+00 1.600000000000000000e+01 3.000000000000000000e+00
4.215934507405994225e+01 -1.255658950712378541e+01 2.392860577785751661e-02 3.000000000000000000e+00 6.200000000000000000e+01 1.150000000000000000e+01 -8.750000000000000000e+00 -7.500000000000000000e-01 -4.092391133308410645e-01 1.195207685232162476e-01 1.000000000000000000e+00 3.000000000000000000e+00 1.900000000000000000e+01 1.900000000000000000e+01 1.600000000000000000e+01 1.000000000000000000e+00 1.600000000000000000e+01 3.000000000000000000e+00
4.316139141575273186e+01 -1.095787023072943178e+01 2.494107231005482372e-02 3.000000000000000000e+00 6.300000000000000000e+01 -3.000000000000000000e+00 -8.500000000000000000e+00 -7.500000000000000000e-01 -2.125999331474304199e-01 5.290728807449340820e-02 1.000000000000000000e+00 3.000000000000000000e+00 2.000000000000000000e+01 2.000000000000000000e+01 4.000000000000000000e+00 3.000000000000000000e+00 1.600000000000000000e+01 3.000000000000000000e+00
4.155243710379634337e+01 -1.795581677824618794e+01 2.264818655942661685e-02 1.000000000000000000e+00 6.400000000000000000e+01 -2.000000000000000000e+00 -8.500000000000000000e+00 -7.500000000000000000e-01 -8.258208632469177246e-02 3.502889350056648254e-02 1.000000000000000000e+00 3.000000000000000000e+00 1.900000000000000000e+01 2.000000000000000000e+01 9.000000000000000000e+00 3.000000000000000000e+00 1.600000000000000000e+01 3.000000000000000000e+00
4.339517498809117058e+01 1.544185151285489077e+01 2.909633414674576285e-02 3.000000000000000000e+00 6.500000000000000000e+01 -1.000000000000000000e+00 -8.000000000000000000e+00 -7.500000000000000000e-01 -1.474832445383071899e-01 -5.195432528853416443e-02 1.000000000000000000e+00 3.000000000000000000e+00 2.000000000000000000e+01 2.000000000000000000e+01 4.000000000000000000e+00 3.000000000000000000e+00 1.600000000000000000e+01 3.000000000000000000e+00
4.275192466468165975e+01 -1.835735179766013658e+01 2.351152037162520386e-02 1.000000000000000000e+00 6.600000000000000000e+01 3.000000000000000000e+00 -8.500000000000000000e+00 -7.500000000000000000e-01 -8.429165929555892944e-02 3.554233536124229431e-02 1.000000000000000000e+00 3.000000000000000000e+00 1.900000000000000000e+01 2.000000000000000000e+01 0.000000000000000000e+00 1.000000000000000000e+00 1.600000000000000000e+01 3.000000000000000000e+00
4.515857393135387809e+01 -1.316042872046114809e+01 2.614756391366353933e-02 3.000000000000000000e+00 6.700000000000000000e+01 -3.000000000000000000e+00 -8.250000000000000000e+00 -7.500000000000000000e-01 4.755014181137084961e-02 -1.360058691352605820e-02 1.000000000000000000e+00 3.000000000000000000e+00 2.000000000000000000e+01 2.000000000000000000e+01 4.000000000000000000e+00 3.000000000000000000e+00 1.600000000000000000e+01 3.000000000000000000e+00
4.698160504752295452e+01 4.837253214816691127e+00 3.026163849503522851e-02 1.000000000000000000e+00 6.800000000000000000e+01 1.500000000000000000e+00 -8.250000000000000000e+00 -7.500000000000000000e-01 -2.308320105075836182e-01 -2.376211993396282196e-02 1.000000000000000000e+00 3.000000000000000000e+00 1.900000000000000000e+01 1.900000000000000000e+01 1.100000000000000000e+01 3.000000000000000000e+00 1.600000000000000000e+01 3.000000000000000000e+00
4.777520890518677987e+01 -1.637665560279951971e-01 3.011979717231517972e-02 0.000000000000000000e+00 6.900000000000000000e+01 3.000000000000000000e+00 -7.250000000000000000e+00 0.000000000000000000e+00 8.420321345329284668e-01 -1.739735598675906658e-03 1.000000000000000000e+00 3.000000000000000000e+00 2.000000000000000000e+01 2.000000000000000000e+01 0.000000000000000000e+00 1.000000000000000000e+00 1.600000000000000000e+01 3.000000000000000000e+00
4.778186313883063008e+01 5.036229032787815640e+00 3.090792574947533872e-02 1.000000000000000000e+00 7.000000000000000000e+01 1.500000000000000000e+01 -8.250000000000000000e+00 -7.500000000000000000e-01 -2.324771434068679810e-01 -2.449655532836914062e-02 1.000000000000000000e+00 3.000000000000000000e+00 1.900000000000000000e+01 1.900000000000000000e+01 0.000000000000000000e+00 1.000000000000000000e+00 1.600000000000000000e+01 3.000000000000000000e+00
4.455166596109027921e+01 -1.855965599158355062e+01 2.486714469523263610e-02 3.000000000000000000e+00 7.100000000000000000e+01 7.000000000000000000e+00 -8.500000000000000000e+00 -7.500000000000000000e-01 -9.278735518455505371e-02 3.797712549567222595e-02 1.000000000000000000e+00 3.000000000000000000e+00 1.900000000000000000e+01 1.900000000000000000e+01 0.000000000000000000e+00 1.000000000000000000e+00 1.600000000000000000e+01 3.000000000000000000e+00
4.858262927970302769e+01 5.635204618907718732e+00 3.161483535744551154e-02 1.000000000000000000e+00 7.200000000000000000e+01 5.000000000000000000e+00 -8.250000000000000000e+00 -7.500000000000000000e-01 -2.395151853561401367e-01 -2.774870954453945160e-02 1.000000000000000000e+00 3.000000000000000000e+00 1.900000000000000000e+01 2.000000000000000000e+01 1.100000000000000000e+01 3.000000000000000000e+00 1.600000000000000000e+01 3.000000000000000000e+00
4.917699657931340340e+01 1.234440551013662457e+00 3.140993538698844123e-02 0.000000000000000000e+00 7.300000000000000000e+01 3.500000000000000000e+00 -7.250000000000000000e+00 0.000000000000000000e+00 8.419697284698486328e-01 2.197912894189357758e-02 1.000000000000000000e+00 3.000000000000000000e+00 1.900000000000000000e+01 2.000000000000000000e+01 0.000000000000000000e+00 1.000000000000000000e+00 1.600000000000000000e+01 3.000000000000000000e+00
4.917674064733709116e+01 1.034440788589444216e+00 3.137962275969875814e-02 0.000000000000000000e+00 7.400000000000000000e+01 0.000000000000000000e+00 -7.000000000000000000e+00 0.000000000000000000e+00 1.091938376426696777e+00 2.411912195384502411e-02 1.000000000000000000e+00 3.000000000000000000e+00 1.900000000000000000e+01 2.000000000000000000e+01 4.000000000000000000e+00 3.000000000000000000e+00 1.600000000000000000e+01 3.000000000000000000e+00
4.917699657931340340e+01 1.234440551013662457e+00 3.140993538698844123e-02 0.000000000000000000e+00 7.500000000000000000e+01 5.500000000000000000e+00 -6.500000000000000000e+00 0.000000000000000000e+00 1.591459274291992188e+00 4.154411703348159790e-02 1.000000000000000000e+00 3.000000000000000000e+00 1.900000000000000000e+01 2.000000000000000000e+01 0.000000000000000000e+00 1.000000000000000000e+00 1.600000000000000000e+01 3.000000000000000000e+00
4.595191804384525369e+01 -1.836144707910790785e+01 2.597540720375872414e-02 3.000000000000000000e+00 7.600000000000000000e+01 -3.500000000000000000e+00 -8.750000000000000000e+00 -7.500000000000000000e-01 -3.209742009639739990e-01 1.260478049516677856e-01 1.000000000000000000e+00 3.000000000000000000e+00 2.000000000000000000e+01 2.100000000000000000e+01 1.100000000000000000e+01 3.000000000000000000e+00 1.600000000000000000e+01 3.000000000000000000e+00
4.976189820698446908e+01 -1.056631747326981419e+01 3.008347072843987197e-02 0.000000000000000000e+00 7.700000000000000000e+01 -1.000000000000000000e+00 -3.000000000000000000e+00 0.000000000000000000e+00 4.876659393310546875e+00 -1.015970706939697266e+00 1.000000000000000000e+00 3.000000000000000000e+00 2.000000000000000000e+01 2.000000000000000000e+01 4.000000000000000000e+00 3.000000000000000000e+00 1.600000000000000000e+01 3.000000000000000000e+00
4.574603488061868006e+01 -2.296118768999215476e+01 2.512422574482467419e-02 1.000000000000000000e+00 7.800000000000000000e+01 5.000000000000000000e+00 -8.500000000000000000e+00 -7.500000000000000000e-01 -3.752652555704116821e-02 1.852063275873661041e-02 1.000000000000000000e+00 3.000000000000000000e+00 1.900000000000000000e+01 1.900000000000000000e+01 0.000000000000000000e+00 1.000000000000000000e+00 1.600000000000000000e+01 3.000000000000000000e+00
5.258671973119198384e+01 8.830082664677062709e+00 3.517969901597404331e-02 1.000000000000000000e+00 7.900000000000000000e+01 8.000000000000000000e+00 -8.250000000000000000e+00 -7.500000000000000000e-01 -2.727495133876800537e-01 -4.562914371490478516e-02 1.000000000000000000e+00 3.000000000000000000e+00 1.900000000000000000e+01 2.000000000000000000e+01 0.000000000000000000e+00 1.000000000000000000e+00 1.600000000000000000e+01 3.000000000000000000e+00
5.100053956004529709e+01 1.963212248797670156e+01 3.558463529521045665e-02 3.000000000000000000e+00 8.000000000000000000e+01 -1.000000000000000000e+00 -8.000000000000000000e+00 -7.500000000000000000e-01 -1.635478585958480835e-01 -6.243978813290596008e-02 1.000000000000000000e+00 3.000000000000000000e+00 2.000000000000000000e+01 2.100000000000000000e+01 4.000000000000000000e+00 3.000000000000000000e+00 1.600000000000000000e+01 3.000000000000000000e+00
5.398901926975749888e+01 1.062828967654645140e+01 3.653046254281758914e-02 1.000000000000000000e+00 8.100000000000000000e+01 7.500000000000000000e+00 -8.250000000000000000e+00 -7.500000000000000000e-01 -2.902282476425170898e-01 -5.687623098492622375e-02 1.000000000000000000e+00 3.000000000000000000e+00 2.000000000000000000e+01 2.000000000000000000e+01 0.000000000000000000e+00 1.000000000000000000e+00 1.600000000000000000e+01 3.000000000000000000e+00
5.439209153504582872e+01 1.302777634352540659e+01 3.720220160971574735e-02 1.000000000000000000e+00 8.200000000000000000e+01 9.500000000000000000e+00 -8.000000000000000000e+00 -1.000000000000000000e+00 -1.342044621706008911e-01 -3.196506574749946594e-02 1.000000000000000000e+00 3.000000000000000000e+00 1.900000000000000000e+01 2.000000000000000000e+01 1.100000000000000000e+01 3.000000000000000000e+00 1.600000000000000000e+01 3.000000000000000000e+00
5.718696900780356884e+01 9.024196290822974476e+00 3.875185129381843868e-02 1.000000000000000000e+00 8.300000000000000000e+01 1.900000000000000000e+01 -8.250000000000000000e+00 -1.000000000000000000e+00 -3.049713373184204102e-01 -4.801452159881591797e-02 1.000000000000000000e+00 3.000000000000000000e+00 1.900000000000000000e+01 1.900000000000000000e+01 0.000000000000000000e+00 1.000000000000000000e+00 1.600000000000000000e+01 3.000000000000000000e+00
5.619592774551628622e+01 1.602547025573653627e+01 3.904282825904196313e-02 3.000000000000000000e+00 8.400000000000000000e+01 7.000000000000000000e+00 -8.250000000000000000e+00 -1.000000000000000000e+00 -4.038267135620117188e-01 -1.144649833440780640e-01 1.000000000000000000e+00 3.000000000000000000e+00 1.900000000000000000e+01 2.000000000000000000e+01 0.000000000000000000e+00 1.000000000000000000e+00 1.600000000000000000e+01 3.000000000000000000e+00
5.898824589759556858e+01 1.002189186353677641e+01 4.028935156184137306e-02 3.000000000000000000e+00 8.500000000000000000e+01 1.500000000000000000e+00 -8.250000000000000000e+00 -1.000000000000000000e+00 -3.152830004692077637e-01 -5.342883244156837463e-02 1.000000000000000000e+00 3.000000000000000000e+00 1.900000000000000000e+01 2.000000000000000000e+01 0.000000000000000000e+00 1.000000000000000000e+00 1.600000000000000000e+01 3.000000000000000000e+00
6.118338149725715880e+01 6.219079318100337872e+00 4.140733580843716094e-02 1.000000000000000000e+00 8.600000000000000000e+01 1.050000000000000000e+01 -8.250000000000000000e+00 -1.000000000000000000e+00 -2.553791999816894531e-01 -2.603380382061004639e-02 1.000000000000000000e+00 3.000000000000000000e+00 1.900000000000000000e+01 1.900000000000000000e+01 9.000000000000000000e+00 3.000000000000000000e+00 1.600000000000000000e+01 3.000000000000000000e+00
6.198440356995332934e+01 7.018054547435268908e+00 4.214455802562927511e-02 1.000000000000000000e+00 8.700000000000000000e+01 1.000000000000000000e+00 -8.250000000000000000e+00 -1.000000000000000000e+00 -2.658821642398834229e-01 -3.015596605837345123e-02 1.000000000000000000e+00 3.000000000000000000e+00 1.900000000000000000e+01 2.000000000000000000e+01 1.100000000000000000e+01 3.000000000000000000e+00 1.600000000000000000e+01 3.000000000000000000e+00
6.298644991103593327e+01 8.616773346992859572e+00 4.315702448555561871e-02 1.000000000000000000e+00 8.800000000000000000e+01 -1.000000000000000000e+00 -8.250000000000000000e+00 -1.000000000000000000e+00 -2.868876755237579346e-01 -3.924407064914703369e-02 1.000000000000000000e+00 3.000000000000000000e+00 1.900000000000000000e+01 2.000000000000000000e+01 4.000000000000000000e+00 3.000000000000000000e+00 1.600000000000000000e+01 3.000000000000000000e+00
6.199438492023319469e+01 1.481804778537278366e+01 4.332675086934945075e-02 1.000000000000000000e+00 8.900000000000000000e+01 -4.000000000000000000e+00 -8.000000000000000000e+00 -1.000000000000000000e+00 -1.340640038251876831e-01 -3.190980106592178345e-02 1.000000000000000000e+00 3.000000000000000000e+00 2.000000000000000000e+01 2.100000000000000000e+01 9.000000000000000000e+00 3.000000000000000000e+00 1.600000000000000000e+01 3.000000000000000000e+00
6.398670472752158389e+01 8.815493213534967509e+00 4.395730246411548581e-02 3.000000000000000000e+00 9.000000000000000000e+01 -4.500000000000000000e+00 -8.250000000000000000e+00 -1.000000000000000000e+00 -2.877552211284637451e-01 -3.964429721236228943e-02 1.000000000000000000e+00 3.000000000000000000e+00 2.000000000000000000e+01 2.100000000000000000e+01 1.100000000000000000e+01 3.000000000000000000e+00 1.600000000000000000e+01 3.000000000000000000e+00
6.180053056614797669e+01 1.961830089600361404e+01 4.390026363380784835e-02 3.000000000000000000e+00 9.100000000000000000e+01 -1.500000000000000000e+00 -8.000000000000000000e+00 -1.000000000000000000e+00 -1.981913000345230103e-01 -6.257000565528869629e-02 1.000000000000000000e+00 3.000000000000000000e+00 2.000000000000000000e+01 2.100000000000000000e+01 4.000000000000000000e+00 3.000000000000000000e+00 1.600000000000000000e+01 3.000000000000000000e+00
6.499745275854482429e+01 1.721420608128141083e+01 4.600039857711037822e-02 1.000000000000000000e+00 9.200000000000000000e+01 1.900000000000000000e+01 -8.000000000000000000e+00 -1.000000000000000000e+00 -1.560426801443099976e-01 -4.115149378776550293e-02 1.000000000000000000e+00 3.000000000000000000e+00 1.900000000000000000e+01 2.000000000000000000e+01 1.100000000000000000e+01 3.000000000000000000e+00 1.600000000000000000e+01 3.000000000000000000e+00
6.539770977133092345e+01 1.741369476554801210e+01 4.633869865348332062e-02 1.000000000000000000e+00 9.300000000000000000e+01 1.950000000000000000e+01 -8.000000000000000000e+00 -1.000000000000000000e+00 -1.572465598583221436e-01 -4.169416055083274841e-02 1.000000000000000000e+00 3.000000000000000000e+00 1.900000000000000000e+01 2.000000000000000000e+01 0.000000000000000000e+00 1.000000000000000000e+00 1.600000000000000000e+01 3.000000000000000000e+00
6.818158597998635173e+01 4.810121943492466912e+00 4.658490784962093095e-02 1.000000000000000000e+00 9.400000000000000000e+01 -3.500000000000000000e+00 -8.250000000000000000e+00 -1.000000000000000000e+00 -2.267158925533294678e-01 -1.614691503345966339e-02 1.000000000000000000e+00 3.000000000000000000e+00 2.000000000000000000e+01 2.100000000000000000e+01 9.000000000000000000e+00 3.000000000000000000e+00 1.600000000000000000e+01 3.000000000000000000e+00
6.778593574551980794e+01 8.210631128627225550e+00 4.679223538968160095e-02 1.000000000000000000e+00 9.500000000000000000e+01 -3.000000000000000000e+00 -8.000000000000000000e+00 -1.000000000000000000e+00 -2.669274434447288513e-02 -3.239031881093978882e-03 1.000000000000000000e+00 3.000000000000000000e+00 2.100000000000000000e+01 2.100000000000000000e+01 1.100000000000000000e+01 3.000000000000000000e+00 1.600000000000000000e+01 3.000000000000000000e+00
6.818798428107230336e+01 9.810117315399020654e+00 4.734272373060813971e-02 1.000000000000000000e+00 9.600000000000000000e+01 0.000000000000000000e+00 -8.000000000000000000e+00 -1.000000000000000000e+00 -4.823226854205131531e-02 -6.940398365259170532e-03 1.000000000000000000e+00 3.000000000000000000e+00 2.000000000000000000e+01 2.100000000000000000e+01 0.000000000000000000e+00 1.000000000000000000e+00 1.600000000000000000e+01 3.000000000000000000e+00
6.500615445031603201e+01 2.401420157998055060e+01 4.703102844699180024e-02 3.000000000000000000e+00 9.700000000000000000e+01 5.000000000000000000e+00 -8.000000000000000000e+00 -1.000000000000000000e+00 -2.367349267005920410e-01 -8.697121590375900269e-02 1.000000000000000000e+00 3.000000000000000000e+00 2.000000000000000000e+01 2.100000000000000000e+01 0.000000000000000000e+00 1.000000000000000000e+00 1.600000000000000000e+01 3.000000000000000000e+00
6.815727243293083859e+01 -1.418986275856889634e+01 4.370520715496890168e-02 0.000000000000000000e+00 9.800000000000000000e+01 5.000000000000000000e-01 -2.500000000000000000e-01 0.000000000000000000e+00 7.522430419921875000e+00 -1.541660785675048828e+00 1.000000000000000000e+00 2.000000000000000000e+00 1.900000000000000000e+01 2.000000000000000000e+01 0.000000000000000000e+00 1.000000000000000000e+00 1.600000000000000000e+01 3.000000000000000000e+00
6.600333808125529345e+01 2.181292286692175608e+01 4.746755468126258315e-02 1.000000000000000000e+00 9.900000000000000000e+01 9.000000000000000000e+00 -8.000000000000000000e+00 -1.000000000000000000e+00 -2.083087861537933350e-01 -6.849794089794158936e-02 1.000000000000000000e+00 3.000000000000000000e+00 1.900000000000000000e+01 2.000000000000000000e+01 0.000000000000000000e+00 1.000000000000000000e+00 1.600000000000000000e+01 3.000000000000000000e+00
6.899028220002487899e+01 1.160909219620133825e+01 4.823150627353806758e-02 3.000000000000000000e+00 1.000000000000000000e+02 -1.000000000000000000e+00 -8.000000000000000000e+00 -1.000000000000000000e+00 -7.099612802267074585e-02 -1.193469483405351639e-02 1.000000000000000000e+00 3.000000000000000000e+00 1.900000000000000000e+01 2.100000000000000000e+01 1.100000000000000000e+01 3.000000000000000000e+00 1.600000000000000000e+01 3.000000000000000000e+00
7.018235154539161158e+01 5.407561796628475470e+00 4.821577648823355960e-02 1.000000000000000000e+00 1.010000000000000000e+02 -2.000000000000000000e+00 -8.250000000000000000e+00 -1.000000000000000000e+00 -2.328066080808639526e-01 -1.808525994420051575e-02 1.000000000000000000e+00 3.000000000000000000e+00 1.900000000000000000e+01 2.100000000000000000e+01 4.000000000000000000e+00 3.000000000000000000e+00 1.600000000000000000e+01 3.000000000000000000e+00
6.700333696591717114e+01 2.181164309024883607e+01 4.823752005060050890e-02 1.000000000000000000e+00 1.020000000000000000e+02 1.000000000000000000e+00 -8.000000000000000000e+00 -1.000000000000000000e+00 -2.045842558145523071e-01 -6.627803295850753784e-02 1.000000000000000000e+00 3.000000000000000000e+00 2.000000000000000000e+01 2.100000000000000000e+01 1.100000000000000000e+01 3.000000000000000000e+00 1.600000000000000000e+01 3.000000000000000000e+00
6.694498445396023101e+01 -2.378831943175961428e+01 4.132623849906919000e-02 1.000000000000000000e+00 1.030000000000000000e+02 3.500000000000000000e+00 -8.750000000000000000e+00 -1.000000000000000000e+00 -2.793186306953430176e-01 9.792681038379669189e-02 1.000000000000000000e+00 3.000000000000000000e+00 1.900000000000000000e+01 2.000000000000000000e+01 0.000000000000000000e+00 1.000000000000000000e+00 1.600000000000000000e+01 3.000000000000000000e+00
6.621178819454634379e+01 2.841266180753940418e+01 4.862186839586947473e-02 3.000000000000000000e+00 1.040000000000000000e+02 2.500000000000000000e+00 -7.750000000000000000e+00 -1.000000000000000000e+00 -6.504739075899124146e-02 -2.775225229561328888e-02 1.000000000000000000e+00 3.000000000000000000e+00 2.000000000000000000e+01 2.000000000000000000e+01 0.000000000000000000e+00 1.000000000000000000e+00 1.600000000000000000e+01 3.000000000000000000e+00
7.158541506534560028e+01 7.805768219861671575e+00 4.965747497782910941e-02 3.000000000000000000e+00 1.050000000000000000e+02 1.500000000000000000e+00 -8.250000000000000000e+00 -1.250000000000000000e+00 -2.892651855945587158e-01 -3.165090084075927734e-02 1.000000000000000000e+00 3.000000000000000000e+00 1.900000000000000000e+01 2.000000000000000000e+01 9.000000000000000000e+00 3.000000000000000000e+00 1.600000000000000000e+01 3.000000000000000000e+00
6.721229894285575313e+01 2.881138131729654361e+01 4.945245898365129011e-02 3.000000000000000000e+00 1.060000000000000000e+02 6.500000000000000000e+00 -7.750000000000000000e+00 -1.000000000000000000e+00 -6.473942101001739502e-02 -2.759541757404804230e-02 1.000000000000000000e+00 3.000000000000000000e+00 1.900000000000000000e+01 2.000000000000000000e+01 0.000000000000000000e+00 1.000000000000000000e+00 1.600000000000000000e+01 3.000000000000000000e+00
7.318004481082763846e+01 3.603724008745802898e+00 5.025285886030148724e-02 3.000000000000000000e+00 1.070000000000000000e+02 6.000000000000000000e+00 -8.000000000000000000e+00 -1.250000000000000000e+00 3.023123554885387421e-02 1.515658106654882431e-03 1.000000000000000000e+00 3.000000000000000000e+00 2.000000000000000000e+01 2.200000000000000000e+01 0.000000000000000000e+00 1.000000000000000000e+00 1.600000000000000000e+01 3.000000000000000000e+00
7.199846868091378838e+01 1.800524812477814507e+01 5.151140688844744325e-02 3.000000000000000000e+00 1.080000000000000000e+02 -2.000000000000000000e+00 -8.000000000000000000e+00 -1.250000000000000000e+00 -2.024886608123779297e-01 -5.048270896077156067e-02 1.000000000000000000e+00 3.000000000000000000e+00 2.100000000000000000e+01 2.200000000000000000e+01 4.000000000000000000e+00 3.000000000000000000e+00 1.600000000000000000e+01 3.000000000000000000e+00
7.497287212765722586e+01 -1.998574957841449340e+00 5.079003912922529923e-02 1.000000000000000000e+00 1.090000000000000000e+02 1.550000000000000000e+01 -8.250000000000000000e+00 -1.250000000000000000e+00 -1.268848180770874023e-01 3.188904374837875366e-03 1.000000000000000000e+00 3.000000000000000000e+00 1.900000000000000000e+01 2.000000000000000000e+01 0.000000000000000000e+00 1.000000000000000000e+00 1.600000000000000000e+01 3.000000000000000000e+00
6.793295453436228115e+01 -3.318958911525351141e+01 4.067151022318235554e-02 1.000000000000000000e+00 1.100000000000000000e+02 1.000000000000000000e+00 -8.500000000000000000e+00 -1.000000000000000000e+00 5.344549566507339478e-02 -2.578783966600894928e-02 1.000000000000000000e+00 3.000000000000000000e+00 2.100000000000000000e+01 2.200000000000000000e+01 0.000000000000000000e+00 1.000000000000000000e+00 1.600000000000000000e+01 3.000000000000000000e+00
7.479002285099439007e+01 1.140166984437781394e+01 5.266699515622389610e-02 1.000000000000000000e+00 1.110000000000000000e+02 8.000000000000000000e+00 -8.000000000000000000e+00 -1.250000000000000000e+00 -9.365052729845046997e-02 -1.428356859833002090e-02 1.000000000000000000e+00 3.000000000000000000e+00 1.900000000000000000e+01 2.000000000000000000e+01 0.000000000000000000e+00 1.000000000000000000e+00 1.600000000000000000e+01 3.000000000000000000e+00
7.638720428807397411e+01 9.199624220941574393e+00 5.356549958176545084e-02 1.000000000000000000e+00 1.120000000000000000e+02 5.500000000000000000e+00 -8.000000000000000000e+00 -1.250000000000000000e+00 -5.590955913066864014e-02 -6.752713117748498917e-03 1.000000000000000000e+00 3.000000000000000000e+00 1.900000000000000000e+01 2.000000000000000000e+01 0.000000000000000000e+00 1.000000000000000000e+00 1.600000000000000000e+01 3.000000000000000000e+00
7.053269417556178666e+01 -3.339291712953886559e+01 4.264310625482316958e-02 3.000000000000000000e+00 1.130000000000000000e+02 3.000000000000000000e+00 -8.750000000000000000e+00 -1.000000000000000000e+00 -1.630015075206756592e-01 7.623525708913803101e-02 1.000000000000000000e+00 3.000000000000000000e+00 2.000000000000000000e+01 2.100000000000000000e+01 0.000000000000000000e+00 1.000000000000000000e+00 1.600000000000000000e+01 3.000000000000000000e+00
7.073346632437672099e+01 -3.279317511476024549e+01 4.288804053643641145e-02 3.000000000000000000e+00 1.140000000000000000e+02 3.500000000000000000e+00 -8.750000000000000000e+00 -1.000000000000000000e+00 -1.720965802669525146e-01 7.881734520196914673e-02 1.000000000000000000e+00 3.000000000000000000e+00 2.100000000000000000e+01 2.200000000000000000e+01 0.000000000000000000e+00 1.000000000000000000e+00 1.600000000000000000e+01 3.000000000000000000e+00
7.817210533997278787e+01 -2.602669774744177378e+00 5.316299391772386085e-02 3.000000000000000000e+00 1.150000000000000000e+02 7.000000000000000000e+00 -8.250000000000000000e+00 -1.250000000000000000e+00 -1.187217161059379578e-01 3.766551613807678223e-03 1.000000000000000000e+00 3.000000000000000000e+00 1.900000000000000000e+01 2.000000000000000000e+01 9.000000000000000000e+00 3.000000000000000000e+00 1.600000000000000000e+01 3.000000000000000000e+00
7.321664309549223049e+01 3.220369945293507641e+01 5.458756599007760779e-02 3.000000000000000000e+00 1.160000000000000000e+02 -5.000000000000000000e-01 -7.750000000000000000e+00 -1.250000000000000000e+00 -1.654387265443801880e-01 -7.240746170282363892e-02 1.000000000000000000e+00 3.000000000000000000e+00 2.000000000000000000e+01 2.100000000000000000e+01 4.000000000000000000e+00 3.000000000000000000e+00 1.600000000000000000e+01 3.000000000000000000e+00
7.879897601201651014e+01 1.839654492592678636e+01 5.680779896813703544e-02 1.000000000000000000e+00 1.170000000000000000e+02 1.500000000000000000e+00 -8.000000000000000000e+00 -1.250000000000000000e+00 -1.849369108676910400e-01 -4.308983311057090759e-02 1.000000000000000000e+00 3.000000000000000000e+00 1.900000000000000000e+01 2.100000000000000000e+01 0.000000000000000000e+00 1.000000000000000000e+00 1.600000000000000000e+01 3.000000000000000000e+00
7.433346078328226270e+01 -3.279778230882996581e+01 4.565991469117901963e-02 3.000000000000000000e+00 1.180000000000000000e+02 -5.000000000000000000e-01 -8.750000000000000000e+00 -1.250000000000000000e+00 -1.014885902404785156e-01 4.424902796745300293e-02 1.000000000000000000e+00 3.000000000000000000e+00 2.100000000000000000e+01 2.200000000000000000e+01 4.000000000000000000e+00 3.000000000000000000e+00 1.600000000000000000e+01 3.000000000000000000e+00
7.633627380632862014e+01 -3.060034292578992421e+01 4.753328456492199316e-02 1.000000000000000000e+00 1.190000000000000000e+02 7.000000000000000000e+00 -8.750000000000000000e+00 -1.250000000000000000e+00 -1.468864083290100098e-01 5.818227678537368774e-02 1.000000000000000000e+00 3.000000000000000000e+00 2.000000000000000000e+01 2.100000000000000000e+01 0.000000000000000000e+00 1.000000000000000000e+00 1.600000000000000000e+01 3.000000000000000000e+00
7.613346182742805013e+01 -3.280008591074678748e+01 4.704585470573510730e-02 3.000000000000000000e+00 1.200000000000000000e+02 -5.000000000000000000e-01 -8.750000000000000000e+00 -1.250000000000000000e+00 -1.129021421074867249e-01 4.807161539793014526e-02 1.000000000000000000e+00 3.000000000000000000e+00 2.100000000000000000e+01 2.200000000000000000e+01 4.000000000000000000e+00 3.000000000000000000e+00 1.600000000000000000e+01 3.000000000000000000e+00
7.733652862403465633e+01 -3.040162210557429034e+01 4.833356268802378036e-02 1.000000000000000000e+00 1.210000000000000000e+02 2.000000000000000000e+00 -9.000000000000000000e+00 -1.250000000000000000e+00 -3.730533123016357422e-01 1.449168622493743896e-01 1.000000000000000000e+00 3.000000000000000000e+00 2.100000000000000000e+01 2.200000000000000000e+01 0.000000000000000000e+00 1.000000000000000000e+00 1.600000000000000000e+01 3.000000000000000000e+00
8.337619140153041997e+01 5.906727217370183469e-01 5.765181369681168788e-02 3.000000000000000000e+00 1.220000000000000000e+02 5.000000000000000000e-01 -8.250000000000000000e+00 -1.250000000000000000e+00 -1.681818068027496338e-01 -1.401514979079365730e-03 1.000000000000000000e+00 3.000000000000000000e+00 2.000000000000000000e+01 2.200000000000000000e+01 9.000000000000000000e+00 3.000000000000000000e+00 1.600000000000000000e+01 3.000000000000000000e+00
8.497311690625231506e+01 -1.811372962146415633e+00 5.852000544989419129e-02 1.000000000000000000e+00 1.230000000000000000e+02 5.000000000000000000e-01 -8.250000000000000000e+00 -1.250000000000000000e+00 -1.334072500467300415e-01 2.649442991241812706e-03 1.000000000000000000e+00 3.000000000000000000e+00 2.000000000000000000e+01 2.200000000000000000e+01 0.000000000000000000e+00 1.000000000000000000e+00 1.600000000000000000e+01 3.000000000000000000e+00
8.415571899535787281e+01 -1.541033799829928164e+01 5.584277726450208312e-02 3.000000000000000000e+00 1.240000000000000000e+02 3.500000000000000000e+00 -8.500000000000000000e+00 -1.250000000000000000e+00 -1.797942668199539185e-01 3.243929520249366760e-02 1.000000000000000000e+00 3.000000000000000000e+00 2.000000000000000000e+01 2.100000000000000000e+01 0.000000000000000000e+00 1.000000000000000000e+00 1.600000000000000000e+01 3.000000000000000000e+00
