7.650260540848599078e-01 2.489155727264089180e+00 -1.652540349939159159e-02 1.000000000000000000e+00 0.000000000000000000e+00 -1.500000000000000000e+00 -8.250000000000000000e+00 0.000000000000000000e+00 -3.448971360921859741e-02 -4.311214387416839600e-02 1.000000000000000000e+00 3.000000000000000000e+00 1.900000000000000000e+01 1.900000000000000000e+01 0.000000000000000000e+00 1.000000000000000000e+00 1.700000000000000000e+01 3.000000000000000000e+00
7.656703395792643363e-01 2.689154700635059569e+00 -1.664631771833533294e-02 1.000000000000000000e+00 1.000000000000000000e+00 -2.000000000000000000e+00 -8.250000000000000000e+00 0.000000000000000000e+00 -3.098167479038238525e-02 -4.182526469230651855e-02 1.000000000000000000e+00 3.000000000000000000e+00 1.900000000000000000e+01 1.900000000000000000e+01 1.000000000000000000e+01 3.000000000000000000e+00 1.800000000000000000e+01 3.000000000000000000e+00
7.669589098000257898e-01 3.089152408959701113e+00 -1.688814601208187341e-02 1.000000000000000000e+00 2.000000000000000000e+00 -1.000000000000000000e+00 -7.750000000000000000e+00 0.000000000000000000e+00 1.217991188168525696e-01 1.887886226177215576e-01 1.000000000000000000e+00 3.000000000000000000e+00 1.900000000000000000e+01 1.900000000000000000e+01 0.000000000000000000e+00 1.000000000000000000e+00 1.800000000000000000e+01 3.000000000000000000e+00
2.367594276482459126e+00 3.283997883424882858e+00 -1.571430464676798477e-02 1.000000000000000000e+00 3.000000000000000000e+00 1.500000000000000000e+00 -8.250000000000000000e+00 -2.500000000000000000e-01 -1.742447018623352051e-01 -1.597243100404739380e-01 1.000000000000000000e+00 3.000000000000000000e+00 1.900000000000000000e+01 1.900000000000000000e+01 0.000000000000000000e+00 1.000000000000000000e+00 1.700000000000000000e+01 3.000000000000000000e+00
3.970162498880058344e+00 4.078840039585677424e+00 -1.490320579414437970e-02 1.000000000000000000e+00 4.000000000000000000e+00 -2.500000000000000000e+00 -8.250000000000000000e+00 -2.500000000000000000e-01 -1.787069439888000488e-01 -1.409035474061965942e-01 1.000000000000000000e+00 3.000000000000000000e+00 1.900000000000000000e+01 1.900000000000000000e+01 0.000000000000000000e+00 1.000000000000000000e+00 1.700000000000000000e+01 3.000000000000000000e+00
4.368871818164936194e+00 3.677553956150621861e+00 -1.433768850786661976e-02 1.000000000000000000e+00 5.000000000000000000e+00 -5.000000000000000000e-01 -8.000000000000000000e+00 -2.500000000000000000e-01 -6.306439638137817383e-03 -4.166754893958568573e-03 1.000000000000000000e+00 3.000000000000000000e+00 1.900000000000000000e+01 1.900000000000000000e+01 0.000000000000000000e+00 1.000000000000000000e+00 1.700000000000000000e+01 3.000000000000000000e+00
6.131493532296105720e+00 -7.928181564004290749e+00 -5.868065121223103170e-03 1.000000000000000000e+00 6.000000000000000000e+00 -5.000000000000000000e-01 -8.500000000000000000e+00 -2.500000000000000000e-01 -4.352221637964248657e-02 4.646290838718414307e-02 1.000000000000000000e+00 3.000000000000000000e+00 1.900000000000000000e+01 1.900000000000000000e+01 0.000000000000000000e+00 1.000000000000000000e+00 1.700000000000000000e+01 3.000000000000000000e+00
7.330842914550570910e+00 -8.132045901123797549e+00 -4.776083780544750773e-03 1.000000000000000000e+00 7.000000000000000000e+00 5.000000000000000000e-01 -8.500000000000000000e+00 -2.500000000000000000e-01 -6.537961214780807495e-02 6.157847493886947632e-02 1.000000000000000000e+00 3.000000000000000000e+00 1.900000000000000000e+01 1.900000000000000000e+01 0.000000000000000000e+00 1.000000000000000000e+00 1.700000000000000000e+01 3.000000000000000000e+00
8.130837739892793792e+00 -8.134622648272898715e+00 -4.128706567216819737e-03 1.000000000000000000e+00 8.000000000000000000e+00 4.000000000000000000e+00 -8.500000000000000000e+00 -2.500000000000000000e-01 -8.187412470579147339e-02 7.055111229419708252e-02 1.000000000000000000e+00 3.000000000000000000e+00 1.900000000000000000e+01 1.900000000000000000e+01 1.600000000000000000e+01 1.000000000000000000e+00 1.700000000000000000e+01 3.000000000000000000e+00
8.930833518904071511e+00 -8.137199398493724090e+00 -3.481328582154377335e-03 1.000000000000000000e+00 9.000000000000000000e+00 4.500000000000000000e+00 -8.500000000000000000e+00 -2.500000000000000000e-01 -9.746802598237991333e-02 7.740108668804168701e-02 1.000000000000000000e+00 3.000000000000000000e+00 1.900000000000000000e+01 1.900000000000000000e+01 0.000000000000000000e+00 1.000000000000000000e+00 1.700000000000000000e+01 3.000000000000000000e+00
1.133017657121155075e+01 -8.344928384109872255e+00 -1.418280552164252750e-03 1.000000000000000000e+00 1.000000000000000000e+01 1.550000000000000000e+01 -8.500000000000000000e+00 -2.500000000000000000e-01 -1.335614919662475586e-01 8.798098564147949219e-02 1.000000000000000000e+00 3.000000000000000000e+00 1.900000000000000000e+01 1.900000000000000000e+01 0.000000000000000000e+00 1.000000000000000000e+00 1.700000000000000000e+01 3.000000000000000000e+00
1.233017105655838463e+01 -8.348149321117972477e+00 -6.090582637698280233e-04 1.000000000000000000e+00 1.100000000000000000e+01 1.100000000000000000e+01 -8.500000000000000000e+00 -2.500000000000000000e-01 -1.480362862348556519e-01 9.034566581249237061e-02 1.000000000000000000e+00 3.000000000000000000e+00 1.900000000000000000e+01 1.900000000000000000e+01 1.100000000000000000e+01 3.000000000000000000e+00 1.700000000000000000e+01 3.000000000000000000e+00
1.333016554190521852e+01 -8.351370258126072699e+00 2.001640246245967036e-04 3.000000000000000000e+00 1.200000000000000000e+01 1.350000000000000000e+01 -8.500000000000000000e+00 -2.500000000000000000e-01 -1.611522883176803589e-01 9.161397069692611694e-02 1.000000000000000000e+00 3.000000000000000000e+00 1.900000000000000000e+01 1.900000000000000000e+01 0.000000000000000000e+00 1.000000000000000000e+00 1.600000000000000000e+01 3.000000000000000000e+00
1.392694023420790828e+01 -9.353297446925450842e+00 1.290267885198311676e-03 1.000000000000000000e+00 1.300000000000000000e+01 3.500000000000000000e+00 -8.500000000000000000e+00 -2.500000000000000000e-01 -1.475612819194793701e-01 9.028420597314834595e-02 1.000000000000000000e+00 3.000000000000000000e+00 1.900000000000000000e+01 1.900000000000000000e+01 0.000000000000000000e+00 1.000000000000000000e+00 1.700000000000000000e+01 3.000000000000000000e+00
1.472951315519680726e+01 -8.555878303662396434e+00 1.453988994485781727e-03 1.000000000000000000e+00 1.400000000000000000e+01 2.000000000000000000e+00 -8.500000000000000000e+00 -2.500000000000000000e-01 -1.732897013425827026e-01 9.206014871597290039e-02 1.000000000000000000e+00 3.000000000000000000e+00 1.900000000000000000e+01 1.900000000000000000e+01 9.000000000000000000e+00 3.000000000000000000e+00 1.600000000000000000e+01 3.000000000000000000e+00
1.219846564206361172e+01 1.285238080088329937e+01 -1.358780737577219497e-02 3.000000000000000000e+00 1.500000000000000000e+01 -2.000000000000000000e+00 -8.500000000000000000e+00 -2.500000000000000000e-01 -3.019220829010009766e-01 -2.906562983989715576e-01 1.000000000000000000e+00 3.000000000000000000e+00 1.900000000000000000e+01 1.900000000000000000e+01 9.000000000000000000e+00 3.000000000000000000e+00 1.700000000000000000e+01 3.000000000000000000e+00
1.552564226910869571e+01 -9.758448414202719690e+00 2.826851233194274671e-03 1.000000000000000000e+00 1.600000000000000000e+01 6.000000000000000000e+00 -8.500000000000000000e+00 -2.500000000000000000e-01 -1.583161950111389160e-01 9.140875190496444702e-02 1.000000000000000000e+00 3.000000000000000000e+00 1.900000000000000000e+01 1.900000000000000000e+01 0.000000000000000000e+00 1.000000000000000000e+00 1.600000000000000000e+01 3.000000000000000000e+00
1.737910917011463852e+01 6.835664632193078738e+00 -5.752425443548873224e-03 1.000000000000000000e+00 1.700000000000000000e+01 -5.000000000000000000e-01 -8.250000000000000000e+00 -2.500000000000000000e-01 -1.664252877235412598e-01 -6.173841655254364014e-02 1.000000000000000000e+00 3.000000000000000000e+00 1.900000000000000000e+01 1.900000000000000000e+01 0.000000000000000000e+00 1.000000000000000000e+00 1.600000000000000000e+01 3.000000000000000000e+00
1.652821389643315086e+01 -8.961673457726940129e+00 3.152416645813730517e-03 1.000000000000000000e+00 1.800000000000000000e+01 1.500000000000000000e+00 -8.500000000000000000e+00 -2.500000000000000000e-01 -1.837732344865798950e-01 9.188661724328994751e-02 1.000000000000000000e+00 3.000000000000000000e+00 2.000000000000000000e+01 1.900000000000000000e+01 9.000000000000000000e+00 3.000000000000000000e+00 1.600000000000000000e+01 3.000000000000000000e+00
1.713014382328794483e+01 -8.363609816299476307e+00 3.275208103135803656e-03 1.000000000000000000e+00 1.900000000000000000e+01 -4.000000000000000000e+00 -8.500000000000000000e+00 -2.500000000000000000e-01 -2.006586641073226929e-01 9.051451086997985840e-02 1.000000000000000000e+00 3.000000000000000000e+00 2.000000000000000000e+01 1.900000000000000000e+01 9.000000000000000000e+00 3.000000000000000000e+00 1.600000000000000000e+01 3.000000000000000000e+00
1.873915537669606834e+01 -5.568778166382140959e+00 2.877165296330187055e-03 0.000000000000000000e+00 2.000000000000000000e+01 3.500000000000000000e+00 -6.250000000000000000e+00 0.000000000000000000e+00 1.763982057571411133e+00 -4.850950837135314941e-01 1.000000000000000000e+00 3.000000000000000000e+00 1.900000000000000000e+01 1.900000000000000000e+01 0.000000000000000000e+00 1.000000000000000000e+00 1.600000000000000000e+01 3.000000000000000000e+00
1.712563382713125293e+01 -9.763601914644372215e+00 4.121607203319159474e-03 1.000000000000000000e+00 2.100000000000000000e+01 -3.500000000000000000e+00 -8.500000000000000000e+00 -2.500000000000000000e-01 -1.746419817209243774e-01 9.206669777631759644e-02 1.000000000000000000e+00 3.000000000000000000e+00 2.000000000000000000e+01 1.900000000000000000e+01 1.100000000000000000e+01 3.000000000000000000e+00 1.600000000000000000e+01 3.000000000000000000e+00
1.852949143657952646e+01 -8.568117861835798266e+00 4.529033072996988679e-03 1.000000000000000000e+00 2.200000000000000000e+01 -2.000000000000000000e+00 -8.500000000000000000e+00 -5.000000000000000000e-01 -1.177162975072860718e-01 5.053477734327316284e-02 1.000000000000000000e+00 3.000000000000000000e+00 2.000000000000000000e+01 1.900000000000000000e+01 0.000000000000000000e+00 1.000000000000000000e+00 1.600000000000000000e+01 3.000000000000000000e+00
1.953464020434550719e+01 -6.971347488710734730e+00 4.370941898123367059e-03 0.000000000000000000e+00 2.300000000000000000e+01 1.100000000000000000e+01 -6.250000000000000000e+00 0.000000000000000000e+00 1.708806872367858887e+00 -5.668638348579406738e-01 1.000000000000000000e+00 3.000000000000000000e+00 1.900000000000000000e+01 1.900000000000000000e+01 0.000000000000000000e+00 1.000000000000000000e+00 1.600000000000000000e+01 3.000000000000000000e+00
1.540424732679031727e+01 1.464206432192142948e+01 -1.208652326187515877e-02 1.000000000000000000e+00 2.400000000000000000e+01 6.500000000000000000e+00 -9.000000000000000000e+00 -2.500000000000000000e-01 -5.958846807479858398e-01 -5.276809930801391602e-01 1.000000000000000000e+00 3.000000000000000000e+00 2.000000000000000000e+01 2.000000000000000000e+01 0.000000000000000000e+00 1.000000000000000000e+00 1.700000000000000000e+01 3.000000000000000000e+00
1.872562538515381192e+01 -9.768755415086022964e+00 5.416363173444044277e-03 1.000000000000000000e+00 2.500000000000000000e+01 -2.000000000000000000e+00 -8.500000000000000000e+00 -5.000000000000000000e-01 -9.073410928249359131e-02 4.400604218244552612e-02 1.000000000000000000e+00 3.000000000000000000e+00 2.000000000000000000e+01 1.900000000000000000e+01 0.000000000000000000e+00 1.000000000000000000e+00 1.600000000000000000e+01 3.000000000000000000e+00
2.117973173622371519e+01 7.023423808973348059e+00 -2.798295439840461918e-03 1.000000000000000000e+00 2.600000000000000000e+01 -2.500000000000000000e+00 -8.250000000000000000e+00 -5.000000000000000000e-01 -2.322402596473693848e-01 -7.361187040805816650e-02 1.000000000000000000e+00 3.000000000000000000e+00 2.000000000000000000e+01 1.900000000000000000e+01 0.000000000000000000e+00 1.000000000000000000e+00 1.600000000000000000e+01 3.000000000000000000e+00
2.197264133076974701e+01 4.820859063852021009e+00 -8.208607070851782483e-04 1.000000000000000000e+00 2.700000000000000000e+01 0.000000000000000000e+00 -8.250000000000000000e+00 -5.000000000000000000e-01 -1.949826627969741821e-01 -4.118168354034423828e-02 1.000000000000000000e+00 3.000000000000000000e+00 1.900000000000000000e+01 1.900000000000000000e+01 0.000000000000000000e+00 1.000000000000000000e+00 1.600000000000000000e+01 3.000000000000000000e+00
2.178488309131858358e+01 8.621482555672962178e+00 -3.280075221378048189e-03 1.000000000000000000e+00 2.800000000000000000e+01 4.500000000000000000e+00 -8.250000000000000000e+00 -5.000000000000000000e-01 -2.498936802148818970e-01 -9.452498704195022583e-02 1.000000000000000000e+00 3.000000000000000000e+00 1.900000000000000000e+01 1.900000000000000000e+01 0.000000000000000000e+00 1.000000000000000000e+00 1.600000000000000000e+01 3.000000000000000000e+00
2.238874587542463956e+01 9.819543355630635517e+00 -3.520026565028148285e-03 1.000000000000000000e+00 2.900000000000000000e+01 -4.000000000000000000e+00 -8.250000000000000000e+00 -5.000000000000000000e-01 -2.601066827774047852e-01 -1.091125458478927612e-01 1.000000000000000000e+00 3.000000000000000000e+00 2.000000000000000000e+01 2.000000000000000000e+01 4.000000000000000000e+00 3.000000000000000000e+00 1.600000000000000000e+01 3.000000000000000000e+00
2.377456349717396478e+01 5.415058061390431554e+00 2.729962819468939594e-04 1.000000000000000000e+00 3.000000000000000000e+01 -2.500000000000000000e+00 -8.250000000000000000e+00 -5.000000000000000000e-01 -1.983937174081802368e-01 -4.364661872386932373e-02 1.000000000000000000e+00 3.000000000000000000e+00 1.900000000000000000e+01 1.900000000000000000e+01 0.000000000000000000e+00 1.000000000000000000e+00 1.600000000000000000e+01 3.000000000000000000e+00
1.669728785885072142e+01 -1.856226646205412223e+01 9.118143077052290324e-03 1.000000000000000000e+00 3.100000000000000000e+01 -1.000000000000000000e+00 -8.750000000000000000e+00 -2.500000000000000000e-01 -1.715192347764968872e-01 1.762836575508117676e-01 1.000000000000000000e+00 3.000000000000000000e+00 2.000000000000000000e+01 2.000000000000000000e+01 1.600000000000000000e+01 1.000000000000000000e+00 1.800000000000000000e+01 3.000000000000000000e+00
2.219325621464890474e+01 1.122018059750372565e+01 -4.528271316841789296e-03 1.000000000000000000e+00 3.200000000000000000e+01 -1.500000000000000000e+00 -8.000000000000000000e+00 -5.000000000000000000e-01 -7.054316252470016479e-02 -3.406571596860885620e-02 1.000000000000000000e+00 3.000000000000000000e+00 1.900000000000000000e+01 1.900000000000000000e+01 0.000000000000000000e+00 1.000000000000000000e+00 1.600000000000000000e+01 3.000000000000000000e+00
1.669535500159945940e+01 -1.916226362058432997e+01 9.480885878024463559e-03 1.000000000000000000e+00 3.300000000000000000e+01 -1.000000000000000000e+00 -8.500000000000000000e+00 -2.500000000000000000e-01 -4.453426226973533630e-02 4.725579544901847839e-02 1.000000000000000000e+00 3.000000000000000000e+00 2.000000000000000000e+01 2.000000000000000000e+01 0.000000000000000000e+00 1.000000000000000000e+00 1.800000000000000000e+01 3.000000000000000000e+00
2.279454185677734301e+01 1.161824550397751743e+01 -4.284565784716918777e-03 1.000000000000000000e+00 3.400000000000000000e+01 5.000000000000000000e-01 -8.000000000000000000e+00 -5.000000000000000000e-01 -7.211065292358398438e-02 -3.515394032001495361e-02 1.000000000000000000e+00 3.000000000000000000e+00 1.900000000000000000e+01 1.900000000000000000e+01 0.000000000000000000e+00 1.000000000000000000e+00 1.600000000000000000e+01 3.000000000000000000e+00
2.319260641526938116e+01 1.101696092554195339e+01 -3.598134953644568923e-03 1.000000000000000000e+00 3.500000000000000000e+01 5.000000000000000000e-01 -8.000000000000000000e+00 -5.000000000000000000e-01 -6.069949269294738770e-02 -2.761329710483551025e-02 1.000000000000000000e+00 3.000000000000000000e+00 1.900000000000000000e+01 1.900000000000000000e+01 0.000000000000000000e+00 1.000000000000000000e+00 1.600000000000000000e+01 3.000000000000000000e+00
2.516811254178396240e+01 3.410559493932675323e+00 2.615049078160815860e-03 1.000000000000000000e+00 3.600000000000000000e+01 -3.000000000000000000e+00 -8.250000000000000000e+00 -5.000000000000000000e-01 -1.622483730316162109e-01 -2.151020057499408722e-02 1.000000000000000000e+00 3.000000000000000000e+00 1.900000000000000000e+01 1.900000000000000000e+01 9.000000000000000000e+00 3.000000000000000000e+00 1.600000000000000000e+01 3.000000000000000000e+00
2.696294947700796740e+01 1.804770374290210588e+00 5.038963658690713554e-03 0.000000000000000000e+00 3.700000000000000000e+01 2.700000000000000000e+01 -3.500000000000000000e+00 0.000000000000000000e+00 4.629563808441162109e+00 3.119209408760070801e-01 1.000000000000000000e+00 3.000000000000000000e+00 1.900000000000000000e+01 1.900000000000000000e+01 0.000000000000000000e+00 1.000000000000000000e+00 1.600000000000000000e+01 3.000000000000000000e+00
2.638163667867766549e+01 7.606671615769456274e+00 1.046918564507875321e-03 1.000000000000000000e+00 3.800000000000000000e+01 -1.000000000000000000e+00 -8.250000000000000000e+00 -5.000000000000000000e-01 -2.198279947042465210e-01 -6.132882088422775269e-02 1.000000000000000000e+00 3.000000000000000000e+00 2.000000000000000000e+01 1.900000000000000000e+01 9.000000000000000000e+00 3.000000000000000000e+00 1.600000000000000000e+01 3.000000000000000000e+00
2.572494249785528808e+01 -9.991300709096398336e+00 1.120183326700781648e-02 3.000000000000000000e+00 3.900000000000000000e+01 1.500000000000000000e+00 -8.500000000000000000e+00 -5.000000000000000000e-01 -1.499758362770080566e-01 5.499113723635673523e-02 1.000000000000000000e+00 3.000000000000000000e+00 2.000000000000000000e+01 1.900000000000000000e+01 0.000000000000000000e+00 1.000000000000000000e+00 1.600000000000000000e+01 3.000000000000000000e+00
2.837453851123702719e+01 5.400241749924478363e+00 3.995419117255056413e-03 1.000000000000000000e+00 4.000000000000000000e+01 1.950000000000000000e+01 -8.250000000000000000e+00 -5.000000000000000000e-01 -1.848379522562026978e-01 -3.434488922357559204e-02 1.000000000000000000e+00 3.000000000000000000e+00 1.900000000000000000e+01 1.900000000000000000e+01 0.000000000000000000e+00 1.000000000000000000e+00 1.600000000000000000e+01 3.000000000000000000e+00
2.712429010807468899e+01 -1.019580970830191546e+01 1.245565881343279127e-02 1.000000000000000000e+00 4.100000000000000000e+01 3.500000000000000000e+00 -8.500000000000000000e+00 -5.000000000000000000e-01 -1.558421999216079712e-01 5.542275309562683105e-02 1.000000000000000000e+00 3.000000000000000000e+00 2.000000000000000000e+01 1.900000000000000000e+01 0.000000000000000000e+00 1.000000000000000000e+00 1.600000000000000000e+01 3.000000000000000000e+00
2.620547557812578532e+01 1.500727662826786002e+01 -3.588751890772356318e-03 3.000000000000000000e+00 4.200000000000000000e+01 5.000000000000000000e-01 -8.000000000000000000e+00 -5.000000000000000000e-01 -9.239234775304794312e-02 -5.091695114970207214e-02 1.000000000000000000e+00 3.000000000000000000e+00 1.900000000000000000e+01 1.900000000000000000e+01 0.000000000000000000e+00 1.000000000000000000e+00 1.600000000000000000e+01 3.000000000000000000e+00
2.429273633279759537e+01 -1.998673768288927022e+01 1.611463187772708278e-02 1.000000000000000000e+00 4.300000000000000000e+01 2.000000000000000000e+00 -8.500000000000000000e+00 -5.000000000000000000e-01 1.955112814903259277e-02 -1.519794762134552002e-02 1.000000000000000000e+00 3.000000000000000000e+00 2.000000000000000000e+01 2.000000000000000000e+01 1.600000000000000000e+01 1.000000000000000000e+00 1.700000000000000000e+01 3.000000000000000000e+00
3.018354781731164849e+01 8.194429216126263071e+00 3.759219842046909038e-03 1.000000000000000000e+00 4.400000000000000000e+01 1.400000000000000000e+01 -8.250000000000000000e+00 -5.000000000000000000e-01 -2.147422879934310913e-01 -5.676309019327163696e-02 1.000000000000000000e+00 3.000000000000000000e+00 1.900000000000000000e+01 1.900000000000000000e+01 0.000000000000000000e+00 1.000000000000000000e+00 1.600000000000000000e+01 3.000000000000000000e+00
3.012749499081916582e+01 -9.205477890888664305e+00 1.427875472803830093e-02 3.000000000000000000e+00 4.500000000000000000e+01 -4.000000000000000000e+00 -8.250000000000000000e+00 -5.000000000000000000e-01 3.888421878218650818e-02 -1.126899383962154388e-02 1.000000000000000000e+00 3.000000000000000000e+00 2.000000000000000000e+01 2.000000000000000000e+01 4.000000000000000000e+00 3.000000000000000000e+00 1.600000000000000000e+01 3.000000000000000000e+00
2.800482250835440823e+01 1.480147924934434300e+01 -2.011236194214392412e-03 3.000000000000000000e+00 4.600000000000000000e+01 -5.000000000000000000e-01 -8.000000000000000000e+00 -5.000000000000000000e-01 -7.967635244131088257e-02 -4.065676406025886536e-02 1.000000000000000000e+00 3.000000000000000000e+00 2.000000000000000000e+01 2.000000000000000000e+01 1.100000000000000000e+01 3.000000000000000000e+00 1.600000000000000000e+01 3.000000000000000000e+00
3.313327892287937004e+01 -7.415150186134983556e+00 1.561819531033786790e-02 0.000000000000000000e+00 4.700000000000000000e+01 1.650000000000000000e+01 -4.000000000000000000e+00 0.000000000000000000e+00 3.969224452972412109e+00 -8.423063158988952637e-01 1.000000000000000000e+00 3.000000000000000000e+00 1.900000000000000000e+01 1.900000000000000000e+01 9.000000000000000000e+00 3.000000000000000000e+00 1.600000000000000000e+01 3.000000000000000000e+00
3.080416201966394141e+01 1.459246189322536935e+01 3.754996707051837246e-04 3.000000000000000000e+00 4.800000000000000000e+01 2.000000000000000000e+00 -8.000000000000000000e+00 -5.000000000000000000e-01 -6.230136379599571228e-02 -2.861968800425529480e-02 1.000000000000000000e+00 3.000000000000000000e+00 2.000000000000000000e+01 2.000000000000000000e+01 0.000000000000000000e+00 1.000000000000000000e+00 1.600000000000000000e+01 3.000000000000000000e+00
3.211782158873901949e+01 -1.221190365636097397e+01 1.771091370002947363e-02 0.000000000000000000e+00 4.900000000000000000e+01 0.000000000000000000e+00 -4.000000000000000000e+00 0.000000000000000000e+00 3.665495872497558594e+00 -1.327919244766235352e+00 1.000000000000000000e+00 3.000000000000000000e+00 2.100000000000000000e+01 2.100000000000000000e+01 0.000000000000000000e+00 1.000000000000000000e+00 1.600000000000000000e+01 3.000000000000000000e+00
3.090365316711895360e+01 -1.660801451315142430e+01 1.939995828848520981e-02 0.000000000000000000e+00 5.000000000000000000e+01 0.000000000000000000e+00 -3.750000000000000000e+00 0.000000000000000000e+00 3.481109142303466797e+00 -1.783797979354858398e+00 1.000000000000000000e+00 1.000000000000000000e+00 1.900000000000000000e+01 1.900000000000000000e+01 1.600000000000000000e+01 1.000000000000000000e+00 1.600000000000000000e+01 3.000000000000000000e+00
3.573197448945794008e+01 -7.823522087348629306e+00 1.796400017499374252e-02 0.000000000000000000e+00 5.100000000000000000e+01 2.400000000000000000e+01 -4.000000000000000000e+00 0.000000000000000000e+00 3.975819110870361328e+00 -8.274001479148864746e-01 1.000000000000000000e+00 3.000000000000000000e+00 1.900000000000000000e+01 1.900000000000000000e+01 1.100000000000000000e+01 3.000000000000000000e+00 1.600000000000000000e+01 3.000000000000000000e+00
3.613068523694225576e+01 -8.224808890643165782e+00 1.852951905129611443e-02 0.000000000000000000e+00 5.200000000000000000e+01 2.750000000000000000e+01 -4.000000000000000000e+00 0.000000000000000000e+00 3.962083578109741211e+00 -8.580983281135559082e-01 1.000000000000000000e+00 3.000000000000000000e+00 1.900000000000000000e+01 1.900000000000000000e+01 0.000000000000000000e+00 1.000000000000000000e+00 1.600000000000000000e+01 3.000000000000000000e+00
3.657900214437097475e+01 6.773822645323615887e+00 9.784641567542676222e-03 1.000000000000000000e+00 5.300000000000000000e+01 1.150000000000000000e+01 -8.250000000000000000e+00 -7.500000000000000000e-01 -2.276636809110641479e-01 -4.155765846371650696e-02 1.000000000000000000e+00 3.000000000000000000e+00 1.900000000000000000e+01 1.900000000000000000e+01 0.000000000000000000e+00 1.000000000000000000e+00 1.600000000000000000e+01 3.000000000000000000e+00
3.370170410590358046e+01 -1.721703029284693542e+01 2.202852287957415833e-02 0.000000000000000000e+00 5.400000000000000000e+01 6.500000000000000000e+00 -3.750000000000000000e+00 0.000000000000000000e+00 3.548382997512817383e+00 -1.733638644218444824e+00 1.000000000000000000e+00 1.000000000000000000e+00 1.900000000000000000e+01 2.000000000000000000e+01 0.000000000000000000e+00 1.000000000000000000e+00 1.600000000000000000e+01 3.000000000000000000e+00
3.753003094289573482e+01 -8.429316930036039324e+00 1.978334247768827325e-02 0.000000000000000000e+00 5.500000000000000000e+01 1.300000000000000000e+01 -4.000000000000000000e+00 0.000000000000000000e+00 3.966446161270141602e+00 -8.484924435615539551e-01 1.000000000000000000e+00 3.000000000000000000e+00 1.900000000000000000e+01 1.900000000000000000e+01 0.000000000000000000e+00 1.000000000000000000e+00 1.600000000000000000e+01 3.000000000000000000e+00
3.874548793704069993e+01 -3.633207649669050188e+00 1.785246916306316295e-02 0.000000000000000000e+00 5.600000000000000000e+01 1.800000000000000000e+01 2.750000000000000000e+00 0.000000000000000000e+00 1.081632137298583984e+01 -9.464281201362609863e-01 1.000000000000000000e+00 3.000000000000000000e+00 1.900000000000000000e+01 1.900000000000000000e+01 0.000000000000000000e+00 1.000000000000000000e+00 1.600000000000000000e+01 3.000000000000000000e+00
3.913066869298275918e+01 -8.234471701667468224e+00 2.095718591647938861e-02 0.000000000000000000e+00 5.700000000000000000e+01 1.150000000000000000e+01 -4.000000000000000000e+00 0.000000000000000000e+00 3.987776994705200195e+00 -7.995295524597167969e-01 1.000000000000000000e+00 3.000000000000000000e+00 1.900000000000000000e+01 1.900000000000000000e+01 9.000000000000000000e+00 3.000000000000000000e+00 1.600000000000000000e+01 3.000000000000000000e+00
3.388688520184103226e+01 -2.181765015498635307e+01 2.497139455792388857e-02 1.000000000000000000e+00 5.800000000000000000e+01 3.000000000000000000e+00 -8.500000000000000000e+00 -7.500000000000000000e-01 7.720952481031417847e-02 -4.759791865944862366e-02 1.000000000000000000e+00 3.000000000000000000e+00 2.000000000000000000e+01 2.000000000000000000e+01 0.000000000000000000e+00 1.000000000000000000e+00 1.700000000000000000e+01 3.000000000000000000e+00
4.135900206519026767e+01 5.583953465415029127e-01 1.741724789289387371e-02 1.000000000000000000e+00 5.900000000000000000e+01 4.000000000000000000e+00 -8.250000000000000000e+00 -7.500000000000000000e-01 -1.121894344687461853e-01 -1.843488425947725773e-03 1.000000000000000000e+00 3.000000000000000000e+00 1.900000000000000000e+01 1.900000000000000000e+01 0.000000000000000000e+00 1.000000000000000000e+00 1.600000000000000000e+01 3.000000000000000000e+00
3.629073539237022317e+01 -2.062538607937323931e+01 2.618804059596333694e-02 1.000000000000000000e+00 6.000000000000000000e+01 1.500000000000000000e+00 -8.750000000000000000e+00 -7.500000000000000000e-01 -1.512656211853027344e-01 8.247195929288864136e-02 1.000000000000000000e+00 3.000000000000000000e+00 2.000000000000000000e+01 2.000000000000000000e+01 0.000000000000000000e+00 1.000000000000000000e+00 1.700000000000000000e+01 3.000000000000000000e+00
3.528558662306814853e+01 -2.222215692933290043e+01 2.634613205911884998e-02 1.000000000000000000e+00 6.100000000000000000e+01 1.500000000000000000e+00 -8.500000000000000000e+00 -7.500000000000000000e-01 7.121717184782028198e-02 -4.300272092223167419e-02 1.000000000000000000e+00 3.000000000000000000e+00 2.000000000000000000e+01 2.000000000000000000e+01 0.000000000000000000e+00 1.000000000000000000e+00 1.700000000000000000e+01 3.000000000000000000e+00
3.648493648676542733e+01 -2.242601983748447836e+01 2.743811292081877601e-02 3.000000000000000000e+00 6.200000000000000000e+01 -2.500000000000000000e+00 -8.500000000000000000e+00 -7.500000000000000000e-01 6.446662545204162598e-02 -3.803189843893051147e-02 1.000000000000000000e+00 3.000000000000000000e+00 2.000000000000000000e+01 2.000000000000000000e+01 4.000000000000000000e+00 3.000000000000000000e+00 1.700000000000000000e+01 3.000000000000000000e+00
3.407206630392286684e+01 -2.641826810978738749e+01 2.791426508314604621e-02 3.000000000000000000e+00 6.300000000000000000e+01 2.500000000000000000e+00 -8.750000000000000000e+00 -7.500000000000000000e-01 -3.207657113671302795e-02 2.383089624345302582e-02 1.000000000000000000e+00 3.000000000000000000e+00 2.000000000000000000e+01 2.000000000000000000e+01 0.000000000000000000e+00 1.000000000000000000e+00 1.700000000000000000e+01 3.000000000000000000e+00
4.355061498657342156e+01 -2.048676715508739754e+00 2.076942199463027716e-02 1.000000000000000000e+00 6.400000000000000000e+01 1.150000000000000000e+01 -8.250000000000000000e+00 -7.500000000000000000e-01 -6.851464509963989258e-02 2.905754838138818741e-03 1.000000000000000000e+00 3.000000000000000000e+00 1.900000000000000000e+01 1.900000000000000000e+01 0.000000000000000000e+00 1.000000000000000000e+00 1.600000000000000000e+01 3.000000000000000000e+00
4.259507618843576182e+01 1.175446968862817698e+01 1.161712083330228990e-02 3.000000000000000000e+00 6.500000000000000000e+01 1.500000000000000000e+00 -8.250000000000000000e+00 -7.500000000000000000e-01 -2.805701196193695068e-01 -7.622795552015304565e-02 1.000000000000000000e+00 3.000000000000000000e+00 1.900000000000000000e+01 1.900000000000000000e+01 0.000000000000000000e+00 1.000000000000000000e+00 1.600000000000000000e+01 3.000000000000000000e+00
4.312162664205671803e+01 -1.104733964638966270e+01 2.588687327042379915e-02 3.000000000000000000e+00 6.600000000000000000e+01 0.000000000000000000e+00 -8.500000000000000000e+00 -7.500000000000000000e-01 -1.586581617593765259e-01 3.894986212253570557e-02 1.000000000000000000e+00 3.000000000000000000e+00 1.900000000000000000e+01 2.000000000000000000e+01 0.000000000000000000e+00 1.000000000000000000e+00 1.600000000000000000e+01 3.000000000000000000e+00
4.435189838252043160e+01 -1.651255635124549315e+00 2.117497084214119141e-02 1.000000000000000000e+00 6.700000000000000000e+01 4.000000000000000000e+00 -8.250000000000000000e+00 -7.500000000000000000e-01 -7.560364156961441040e-02 2.486962126567959785e-03 1.000000000000000000e+00 3.000000000000000000e+00 1.900000000000000000e+01 1.900000000000000000e+01 1.100000000000000000e+01 3.000000000000000000e+00 1.600000000000000000e+01 3.000000000000000000e+00
4.229650087006062620e+01 -1.884472213316960421e+01 2.995514707654093473e-02 1.000000000000000000e+00 6.800000000000000000e+01 -4.500000000000000000e+00 -8.750000000000000000e+00 -7.500000000000000000e-01 -2.385056614875793457e-01 1.022948697209358215e-01 1.000000000000000000e+00 3.000000000000000000e+00 2.000000000000000000e+01 2.000000000000000000e+01 4.000000000000000000e+00 3.000000000000000000e+00 1.600000000000000000e+01 3.000000000000000000e+00
4.360731209587213897e+01 1.555122853041661379e+01 1.012897339418845563e-02 3.000000000000000000e+00 6.900000000000000000e+01 -1.500000000000000000e+00 -8.000000000000000000e+00 -7.500000000000000000e-01 -9.762314707040786743e-02 -3.421168401837348938e-02 1.000000000000000000e+00 3.000000000000000000e+00 2.000000000000000000e+01 2.000000000000000000e+01 4.000000000000000000e+00 3.000000000000000000e+00 1.600000000000000000e+01 3.000000000000000000e+00
4.511388418681752910e+01 -1.345376920085750605e+01 2.895628847453756566e-02 3.000000000000000000e+00 7.000000000000000000e+01 4.500000000000000000e+00 -8.500000000000000000e+00 -7.500000000000000000e-01 -1.272887438535690308e-01 3.648578003048896790e-02 1.000000000000000000e+00 3.000000000000000000e+00 1.900000000000000000e+01 2.000000000000000000e+01 0.000000000000000000e+00 1.000000000000000000e+00 1.600000000000000000e+01 3.000000000000000000e+00
4.349649501541207286e+01 -1.884858726003670526e+01 3.092621444000186182e-02 1.000000000000000000e+00 7.100000000000000000e+01 4.500000000000000000e+00 -8.500000000000000000e+00 -7.500000000000000000e-01 -3.482094779610633850e-02 1.453463640064001083e-02 1.000000000000000000e+00 3.000000000000000000e+00 1.900000000000000000e+01 1.900000000000000000e+01 0.000000000000000000e+00 1.000000000000000000e+00 1.600000000000000000e+01 3.000000000000000000e+00
4.775703544130131206e+01 -6.221541887665948262e-02 2.295901433563215382e-02 0.000000000000000000e+00 7.200000000000000000e+01 6.500000000000000000e+00 -7.250000000000000000e+00 0.000000000000000000e+00 8.999661207199096680e-01 1.836665673181414604e-03 1.000000000000000000e+00 3.000000000000000000e+00 1.900000000000000000e+01 2.000000000000000000e+01 0.000000000000000000e+00 1.000000000000000000e+00 1.600000000000000000e+01 3.000000000000000000e+00
4.757314291450455812e+01 4.938401816313075621e+00 1.977431456623408856e-02 1.000000000000000000e+00 7.300000000000000000e+01 1.350000000000000000e+01 -8.250000000000000000e+00 -7.500000000000000000e-01 -1.755383014678955078e-01 -1.834519207477569580e-02 1.000000000000000000e+00 3.000000000000000000e+00 1.900000000000000000e+01 1.900000000000000000e+01 0.000000000000000000e+00 1.000000000000000000e+00 1.600000000000000000e+01 3.000000000000000000e+00
4.529777290169823090e+01 -1.845438556694817578e+01 3.214098463899105196e-02 3.000000000000000000e+00 7.400000000000000000e+01 -1.500000000000000000e+00 -8.500000000000000000e+00 -7.500000000000000000e-01 -5.127958953380584717e-02 2.013769373297691345e-02 1.000000000000000000e+00 3.000000000000000000e+00 1.900000000000000000e+01 2.000000000000000000e+01 1.100000000000000000e+01 3.000000000000000000e+00 1.600000000000000000e+01 3.000000000000000000e+00
4.916153924403813846e+01 1.333267742719705051e+00 2.324552744425158191e-02 0.000000000000000000e+00 7.500000000000000000e+01 4.500000000000000000e+00 -7.250000000000000000e+00 0.000000000000000000e+00 8.994315862655639648e-01 2.676879614591598511e-02 1.000000000000000000e+00 3.000000000000000000e+00 1.900000000000000000e+01 2.000000000000000000e+01 0.000000000000000000e+00 1.000000000000000000e+00 1.600000000000000000e+01 3.000000000000000000e+00
4.975509155596780175e+01 -6.686540714455003753e-01 2.494020148366854484e-02 3.000000000000000000e+00 7.600000000000000000e+01 -4.500000000000000000e+00 -8.250000000000000000e+00 -1.000000000000000000e+00 -9.032865613698959351e-02 8.855751366354525089e-04 1.000000000000000000e+00 3.000000000000000000e+00 2.000000000000000000e+01 2.000000000000000000e+01 4.000000000000000000e+00 3.000000000000000000e+00 1.600000000000000000e+01 3.000000000000000000e+00
4.701373772840201326e+01 1.754026755021860851e+01 1.167118793178540184e-02 3.000000000000000000e+00 7.700000000000000000e+01 -5.000000000000000000e-01 -8.000000000000000000e+00 -7.500000000000000000e-01 -1.075347512960433960e-01 -3.948890417814254761e-02 1.000000000000000000e+00 3.000000000000000000e+00 1.900000000000000000e+01 2.000000000000000000e+01 4.000000000000000000e+00 3.000000000000000000e+00 1.600000000000000000e+01 3.000000000000000000e+00
4.932287796891881726e+01 -1.066731197610302395e+01 3.066222083931320619e-02 0.000000000000000000e+00 7.800000000000000000e+01 0.000000000000000000e+00 -3.000000000000000000e+00 0.000000000000000000e+00 4.935489177703857422e+00 -1.024162888526916504e+00 1.000000000000000000e+00 3.000000000000000000e+00 1.900000000000000000e+01 2.000000000000000000e+01 4.000000000000000000e+00 3.000000000000000000e+00 1.600000000000000000e+01 3.000000000000000000e+00
4.146429177767865326e+01 -2.884209167039602661e+01 3.535347936899065763e-02 3.000000000000000000e+00 7.900000000000000000e+01 5.000000000000000000e+00 -8.750000000000000000e+00 -7.500000000000000000e-01 -7.132014632225036621e-02 4.782449826598167419e-02 1.000000000000000000e+00 3.000000000000000000e+00 2.000000000000000000e+01 2.000000000000000000e+01 0.000000000000000000e+00 1.000000000000000000e+00 1.700000000000000000e+01 3.000000000000000000e+00
4.628488168022915517e+01 -2.245758501770648508e+01 3.536849072969653479e-02 3.000000000000000000e+00 8.000000000000000000e+01 5.500000000000000000e+00 -8.750000000000000000e+00 -7.500000000000000000e-01 -2.075127959251403809e-01 9.721712768077850342e-02 1.000000000000000000e+00 3.000000000000000000e+00 1.900000000000000000e+01 2.000000000000000000e+01 0.000000000000000000e+00 1.000000000000000000e+00 1.600000000000000000e+01 3.000000000000000000e+00
5.277698071420977044e+01 6.121646781639393353e+00 2.325678576961025257e-02 1.000000000000000000e+00 8.100000000000000000e+01 9.500000000000000000e+00 -8.250000000000000000e+00 -1.000000000000000000e+00 -2.127315402030944824e-01 -2.481867931783199310e-02 1.000000000000000000e+00 3.000000000000000000e+00 1.900000000000000000e+01 2.000000000000000000e+01 0.000000000000000000e+00 1.000000000000000000e+00 1.600000000000000000e+01 3.000000000000000000e+00
5.279373213245600027e+01 1.132161865878082629e+01 2.011301694191863082e-02 1.000000000000000000e+00 8.200000000000000000e+01 7.500000000000000000e+00 -8.250000000000000000e+00 -1.000000000000000000e+00 -2.975299060344696045e-01 -6.336285173892974854e-02 1.000000000000000000e+00 3.000000000000000000e+00 1.900000000000000000e+01 2.000000000000000000e+01 0.000000000000000000e+00 1.000000000000000000e+00 1.600000000000000000e+01 3.000000000000000000e+00
5.300081893059492444e+01 1.352096246075060293e+01 1.894480604102680155e-02 1.000000000000000000e+00 8.300000000000000000e+01 3.500000000000000000e+00 -8.250000000000000000e+00 -1.000000000000000000e+00 -3.294102251529693604e-01 -8.326421678066253662e-02 1.000000000000000000e+00 3.000000000000000000e+00 2.000000000000000000e+01 2.100000000000000000e+01 0.000000000000000000e+00 1.000000000000000000e+00 1.600000000000000000e+01 3.000000000000000000e+00
5.149580661653258318e+01 -1.907435253738598746e+01 3.752090624539626551e-02 3.000000000000000000e+00 8.400000000000000000e+01 5.000000000000000000e-01 -8.750000000000000000e+00 -1.000000000000000000e+00 -2.175605297088623047e-01 7.787678390741348267e-02 1.000000000000000000e+00 3.000000000000000000e+00 2.000000000000000000e+01 2.100000000000000000e+01 1.600000000000000000e+01 1.000000000000000000e+00 1.600000000000000000e+01 3.000000000000000000e+00
5.558727307508394233e+01 9.312610780740419258e+00 2.358798063319093863e-02 1.000000000000000000e+00 8.500000000000000000e+01 1.250000000000000000e+01 -8.250000000000000000e+00 -1.000000000000000000e+00 -2.585098147392272949e-01 -4.323667287826538086e-02 1.000000000000000000e+00 3.000000000000000000e+00 1.900000000000000000e+01 1.900000000000000000e+01 0.000000000000000000e+00 1.000000000000000000e+00 1.600000000000000000e+01 3.000000000000000000e+00
5.560466877805652786e+01 1.471258139283552602e+01 2.032329773069652123e-02 3.000000000000000000e+00 8.600000000000000000e+01 2.000000000000000000e+00 -8.250000000000000000e+00 -1.000000000000000000e+00 -3.367508649826049805e-01 -8.833781629800796509e-02 1.000000000000000000e+00 3.000000000000000000e+00 2.000000000000000000e+01 2.000000000000000000e+01 9.000000000000000000e+00 3.000000000000000000e+00 1.600000000000000000e+01 3.000000000000000000e+00
5.798275136963014376e+01 7.904888428661323019e+00 2.637651446029614516e-02 1.000000000000000000e+00 8.700000000000000000e+01 8.500000000000000000e+00 -8.250000000000000000e+00 -1.000000000000000000e+00 -2.312669157981872559e-01 -3.164293989539146423e-02 1.000000000000000000e+00 3.000000000000000000e+00 2.000000000000000000e+01 2.100000000000000000e+01 1.100000000000000000e+01 3.000000000000000000e+00 1.600000000000000000e+01 3.000000000000000000e+00
5.503173359580344481e+01 2.311446844753338681e+01 1.475936983820737292e-02 3.000000000000000000e+00 8.800000000000000000e+01 -2.000000000000000000e+00 -8.250000000000000000e+00 -1.000000000000000000e+00 -4.358526170253753662e-01 -1.807004511356353760e-01 1.000000000000000000e+00 3.000000000000000000e+00 2.000000000000000000e+01 2.000000000000000000e+01 4.000000000000000000e+00 3.000000000000000000e+00 1.600000000000000000e+01 3.000000000000000000e+00
6.078015802368841491e+01 7.095873914012139849e+00 2.912599312618789626e-02 1.000000000000000000e+00 8.900000000000000000e+01 1.300000000000000000e+01 -8.250000000000000000e+00 -1.000000000000000000e+00 -2.137288302183151245e-01 -2.516484633088111877e-02 1.000000000000000000e+00 3.000000000000000000e+00 1.900000000000000000e+01 2.000000000000000000e+01 1.100000000000000000e+01 3.000000000000000000e+00 1.600000000000000000e+01 3.000000000000000000e+00
6.118144591315035541e+01 7.494583004201483156e+00 2.920785512671529582e-02 1.000000000000000000e+00 9.000000000000000000e+01 1.550000000000000000e+01 -8.250000000000000000e+00 -1.000000000000000000e+00 -2.189605683088302612e-01 -2.701917104423046112e-02 1.000000000000000000e+00 3.000000000000000000e+00 1.900000000000000000e+01 2.000000000000000000e+01 0.000000000000000000e+00 1.000000000000000000e+00 1.600000000000000000e+01 3.000000000000000000e+00
6.298465283586715202e+01 8.488779960768734867e+00 3.005988059092182946e-02 1.000000000000000000e+00 9.100000000000000000e+01 6.000000000000000000e+00 -8.250000000000000000e+00 -1.000000000000000000e+00 -2.300733625888824463e-01 -3.117816708981990814e-02 1.000000000000000000e+00 3.000000000000000000e+00 1.900000000000000000e+01 2.000000000000000000e+01 0.000000000000000000e+00 1.000000000000000000e+00 1.600000000000000000e+01 3.000000000000000000e+00
6.202074214366663796e+01 1.969194053325668392e+01 2.247946685830724128e-02 3.000000000000000000e+00 9.200000000000000000e+01 -1.500000000000000000e+00 -8.000000000000000000e+00 -1.000000000000000000e+00 -1.473718732595443726e-01 -4.640348255634307861e-02 1.000000000000000000e+00 3.000000000000000000e+00 2.000000000000000000e+01 2.100000000000000000e+01 9.000000000000000000e+00 3.000000000000000000e+00 1.600000000000000000e+01 3.000000000000000000e+00
6.458529440063041704e+01 8.683625176850405580e+00 3.123372711665099721e-02 3.000000000000000000e+00 9.300000000000000000e+01 -1.500000000000000000e+00 -8.250000000000000000e+00 -1.000000000000000000e+00 -2.298407405614852905e-01 -3.108787909150123596e-02 1.000000000000000000e+00 3.000000000000000000e+00 2.000000000000000000e+01 2.100000000000000000e+01 9.000000000000000000e+00 3.000000000000000000e+00 1.600000000000000000e+01 3.000000000000000000e+00
6.500654750876229571e+01 1.528230175086172693e+01 2.756724258846911940e-02 3.000000000000000000e+00 9.400000000000000000e+01 0.000000000000000000e+00 -8.000000000000000000e+00 -1.250000000000000000e+00 -1.332332044839859009e-01 -3.119508549571037292e-02 1.000000000000000000e+00 3.000000000000000000e+00 1.900000000000000000e+01 2.000000000000000000e+01 4.000000000000000000e+00 3.000000000000000000e+00 1.600000000000000000e+01 3.000000000000000000e+00
6.541492253943073365e+01 1.788099978654904021e+01 2.631904803647440449e-02 1.000000000000000000e+00 9.500000000000000000e+01 -5.000000000000000000e+00 -8.000000000000000000e+00 -1.250000000000000000e+00 -1.743495315313339233e-01 -4.738328233361244202e-02 1.000000000000000000e+00 3.000000000000000000e+00 2.000000000000000000e+01 2.100000000000000000e+01 1.100000000000000000e+01 3.000000000000000000e+00 1.600000000000000000e+01 3.000000000000000000e+00
6.751054075775311958e+01 -1.452591282319127330e+01 4.768743991992567544e-02 0.000000000000000000e+00 9.600000000000000000e+01 4.000000000000000000e+00 -2.500000000000000000e-01 0.000000000000000000e+00 7.570937156677246094e+00 -1.573610424995422363e+00 1.000000000000000000e+00 1.000000000000000000e+00 1.900000000000000000e+01 2.000000000000000000e+01 1.600000000000000000e+01 1.000000000000000000e+00 1.600000000000000000e+01 3.000000000000000000e+00
6.562459029422349488e+01 2.088033946971579979e+01 2.466718334674565527e-02 1.000000000000000000e+00 9.700000000000000000e+01 4.500000000000000000e+00 -8.000000000000000000e+00 -1.250000000000000000e+00 -2.199874669313430786e-01 -6.948705762624740601e-02 1.000000000000000000e+00 3.000000000000000000e+00 1.900000000000000000e+01 2.000000000000000000e+01 0.000000000000000000e+00 1.000000000000000000e+00 1.600000000000000000e+01 3.000000000000000000e+00
6.858076234586107489e+01 7.270749330473107008e+00 3.531701537041205541e-02 1.000000000000000000e+00 9.800000000000000000e+01 5.500000000000000000e+00 -8.250000000000000000e+00 -1.250000000000000000e+00 -2.306956350803375244e-01 -2.478821203112602234e-02 1.000000000000000000e+00 3.000000000000000000e+00 1.900000000000000000e+01 2.000000000000000000e+01 0.000000000000000000e+00 1.000000000000000000e+00 1.600000000000000000e+01 3.000000000000000000e+00
6.977044411169799787e+01 4.066901595626577048e+00 3.822270657347102280e-02 3.000000000000000000e+00 9.900000000000000000e+01 -2.000000000000000000e+00 -8.250000000000000000e+00 -1.250000000000000000e+00 -1.745481491088867188e-01 -1.057122647762298584e-02 1.000000000000000000e+00 3.000000000000000000e+00 2.000000000000000000e+01 2.100000000000000000e+01 4.000000000000000000e+00 3.000000000000000000e+00 1.600000000000000000e+01 3.000000000000000000e+00
6.918848893405933609e+01 9.668803499965454407e+00 3.435157745791236200e-02 1.000000000000000000e+00 1.000000000000000000e+02 1.000000000000000000e+00 -8.250000000000000000e+00 -1.250000000000000000e+00 -2.691941857337951660e-01 -3.785542771220207214e-02 1.000000000000000000e+00 3.000000000000000000e+00 1.900000000000000000e+01 2.100000000000000000e+01 1.100000000000000000e+01 3.000000000000000000e+00 1.600000000000000000e+01 3.000000000000000000e+00
6.959686396472777403e+01 1.226750153565276769e+01 3.310338290591764709e-02 3.000000000000000000e+00 1.010000000000000000e+02 2.000000000000000000e+00 -8.250000000000000000e+00 -1.250000000000000000e+00 -3.094472587108612061e-01 -5.463405326008796692e-02 1.000000000000000000e+00 3.000000000000000000e+00 1.900000000000000000e+01 2.000000000000000000e+01 0.000000000000000000e+00 1.000000000000000000e+00 1.600000000000000000e+01 3.000000000000000000e+00
6.667961642321982652e+01 -2.412328392455425785e+01 5.284394039926797182e-02 1.000000000000000000e+00 1.020000000000000000e+02 1.350000000000000000e+01 -8.750000000000000000e+00 -1.250000000000000000e+00 -1.459614485502243042e-01 5.130115523934364319e-02 1.000000000000000000e+00 3.000000000000000000e+00 1.900000000000000000e+01 1.900000000000000000e+01 0.000000000000000000e+00 1.000000000000000000e+00 1.600000000000000000e+01 3.000000000000000000e+00
7.019170484611014160e+01 1.066557719139490601e+01 3.455622879572902567e-02 1.000000000000000000e+00 1.030000000000000000e+02 -5.000000000000000000e-01 -8.250000000000000000e+00 -1.250000000000000000e+00 -2.828573584556579590e-01 -4.318130016326904297e-02 1.000000000000000000e+00 3.000000000000000000e+00 1.900000000000000000e+01 2.100000000000000000e+01 1.100000000000000000e+01 3.000000000000000000e+00 1.600000000000000000e+01 3.000000000000000000e+00
7.097558872479235959e+01 5.663027791179540138e+00 3.822645738672584420e-02 1.000000000000000000e+00 1.040000000000000000e+02 -1.500000000000000000e+00 -8.250000000000000000e+00 -1.250000000000000000e+00 -2.000971287488937378e-01 -1.635142788290977478e-02 1.000000000000000000e+00 3.000000000000000000e+00 2.100000000000000000e+01 2.100000000000000000e+01 4.000000000000000000e+00 3.000000000000000000e+00 1.600000000000000000e+01 3.000000000000000000e+00
7.236978396146682257e+01 3.858527952532006200e+00 4.044759765160599319e-02 1.000000000000000000e+00 1.050000000000000000e+02 -1.500000000000000000e+00 -8.250000000000000000e+00 -1.250000000000000000e+00 -1.686389595270156860e-01 -9.394289925694465637e-03 1.000000000000000000e+00 3.000000000000000000e+00 1.900000000000000000e+01 2.100000000000000000e+01 9.000000000000000000e+00 3.000000000000000000e+00 1.600000000000000000e+01 3.000000000000000000e+00
6.744905863441540816e+01 2.847450135543857286e+01 2.152904030651342504e-02 3.000000000000000000e+00 1.060000000000000000e+02 6.000000000000000000e+00 -8.000000000000000000e+00 -1.250000000000000000e+00 -3.141216039657592773e-01 -1.314182132482528687e-01 1.000000000000000000e+00 3.000000000000000000e+00 1.900000000000000000e+01 2.000000000000000000e+01 0.000000000000000000e+00 1.000000000000000000e+00 1.600000000000000000e+01 3.000000000000000000e+00
7.356011764176659540e+01 8.546790472739977940e-01 4.323238088166778820e-02 1.000000000000000000e+00 1.070000000000000000e+02 -4.500000000000000000e+00 -8.500000000000000000e+00 -1.250000000000000000e+00 -3.682151734828948975e-01 -5.414929240942001343e-03 1.000000000000000000e+00 3.000000000000000000e+00 2.000000000000000000e+01 2.200000000000000000e+01 4.000000000000000000e+00 3.000000000000000000e+00 1.600000000000000000e+01 3.000000000000000000e+00
7.220651238087097568e+01 1.525911098965912416e+01 3.339364676923464725e-02 3.000000000000000000e+00 1.080000000000000000e+02 -4.000000000000000000e+00 -7.750000000000000000e+00 -1.250000000000000000e+00 1.320678144693374634e-01 2.788897976279258728e-02 1.000000000000000000e+00 3.000000000000000000e+00 2.000000000000000000e+01 2.200000000000000000e+01 9.000000000000000000e+00 3.000000000000000000e+00 1.600000000000000000e+01 3.000000000000000000e+00
7.515173158294389566e+01 -1.750460504803569517e+00 4.609901979423992879e-02 1.000000000000000000e+00 1.090000000000000000e+02 1.800000000000000000e+01 -8.250000000000000000e+00 -1.250000000000000000e+00 -7.566154003143310547e-02 1.485501416027545929e-03 1.000000000000000000e+00 3.000000000000000000e+00 1.900000000000000000e+01 2.000000000000000000e+01 0.000000000000000000e+00 1.000000000000000000e+00 1.600000000000000000e+01 3.000000000000000000e+00
7.025420052293839035e+01 3.006547260161574542e+01 2.282755258514589103e-02 3.000000000000000000e+00 1.100000000000000000e+02 -1.000000000000000000e+00 -7.750000000000000000e+00 -1.250000000000000000e+00 -1.072373911738395691e-01 -4.550830274820327759e-02 1.000000000000000000e+00 3.000000000000000000e+00 2.000000000000000000e+01 2.100000000000000000e+01 9.000000000000000000e+00 3.000000000000000000e+00 1.600000000000000000e+01 3.000000000000000000e+00
7.598780257207997124e+01 9.446902408100978477e+00 3.997519938947158985e-02 1.000000000000000000e+00 1.110000000000000000e+02 3.500000000000000000e+00 -8.250000000000000000e+00 -1.250000000000000000e+00 -2.519582211971282959e-01 -3.165796026587486267e-02 1.000000000000000000e+00 3.000000000000000000e+00 2.000000000000000000e+01 2.100000000000000000e+01 1.600000000000000000e+01 1.000000000000000000e+00 1.600000000000000000e+01 3.000000000000000000e+00
7.716653911616863581e+01 2.843072816626050603e+00 4.493643805602744179e-02 3.000000000000000000e+00 1.120000000000000000e+02 -3.500000000000000000e+00 -8.500000000000000000e+00 -1.250000000000000000e+00 -3.984831869602203369e-01 -1.575635001063346863e-02 1.000000000000000000e+00 3.000000000000000000e+00 2.000000000000000000e+01 2.200000000000000000e+01 4.000000000000000000e+00 3.000000000000000000e+00 1.600000000000000000e+01 3.000000000000000000e+00
6.682806943514022180e+01 -4.012384406446558671e+01 6.267891874976824762e-02 3.000000000000000000e+00 1.130000000000000000e+02 4.000000000000000000e+00 -9.000000000000000000e+00 -1.250000000000000000e+00 -9.253378957509994507e-02 5.413633957505226135e-02 1.000000000000000000e+00 3.000000000000000000e+00 2.100000000000000000e+01 2.200000000000000000e+01 0.000000000000000000e+00 1.000000000000000000e+00 1.700000000000000000e+01 3.000000000000000000e+00
7.834720088662000137e+01 -3.160760068579464566e+00 4.953492803601690364e-02 3.000000000000000000e+00 1.140000000000000000e+02 9.500000000000000000e+00 -8.500000000000000000e+00 -1.250000000000000000e+00 -3.044450879096984863e-01 1.109159272164106369e-02 1.000000000000000000e+00 3.000000000000000000e+00 1.900000000000000000e+01 2.000000000000000000e+01 9.000000000000000000e+00 3.000000000000000000e+00 1.600000000000000000e+01 3.000000000000000000e+00
7.306283123399164481e+01 -2.934387075713149073e+01 6.116673368402292255e-02 1.000000000000000000e+00 1.150000000000000000e+02 5.000000000000000000e-01 -8.750000000000000000e+00 -1.250000000000000000e+00 -9.955878555774688721e-02 3.894032910466194153e-02 1.000000000000000000e+00 3.000000000000000000e+00 2.100000000000000000e+01 2.200000000000000000e+01 0.000000000000000000e+00 1.000000000000000000e+00 1.600000000000000000e+01 3.000000000000000000e+00
7.225316832000564204e+01 -3.234127597566975965e+01 6.233306508236266530e-02 3.000000000000000000e+00 1.160000000000000000e+02 -5.000000000000000000e-01 -8.750000000000000000e+00 -1.250000000000000000e+00 -4.952402412891387939e-02 2.159947156906127930e-02 1.000000000000000000e+00 3.000000000000000000e+00 2.100000000000000000e+01 2.200000000000000000e+01 1.100000000000000000e+01 3.000000000000000000e+00 1.600000000000000000e+01 3.000000000000000000e+00
7.265252335221632052e+01 -3.254256404401062497e+01 6.277766988386224156e-02 1.000000000000000000e+00 1.170000000000000000e+02 5.000000000000000000e-01 -8.750000000000000000e+00 -1.250000000000000000e+00 -4.915171861648559570e-02 2.145406045019626617e-02 1.000000000000000000e+00 3.000000000000000000e+00 2.100000000000000000e+01 2.200000000000000000e+01 0.000000000000000000e+00 1.000000000000000000e+00 1.600000000000000000e+01 3.000000000000000000e+00
7.937489964131380304e+01 5.435972703608466183e+00 4.514484020709892687e-02 3.000000000000000000e+00 1.180000000000000000e+02 -2.500000000000000000e+00 -8.250000000000000000e+00 -1.250000000000000000e+00 -1.868540197610855103e-01 -1.321424264460802078e-02 1.000000000000000000e+00 3.000000000000000000e+00 2.000000000000000000e+01 2.200000000000000000e+01 4.000000000000000000e+00 3.000000000000000000e+00 1.600000000000000000e+01 3.000000000000000000e+00
7.346191125331232286e+01 3.245515424714017882e+01 2.396609023456891530e-02 3.000000000000000000e+00 1.190000000000000000e+02 3.500000000000000000e+00 -7.750000000000000000e+00 -1.250000000000000000e+00 -1.206898316740989685e-01 -5.290291830897331238e-02 1.000000000000000000e+00 3.000000000000000000e+00 2.000000000000000000e+01 2.100000000000000000e+01 1.100000000000000000e+01 3.000000000000000000e+00 1.600000000000000000e+01 3.000000000000000000e+00
7.821936499976787616e+01 1.923976388136073012e+01 3.583069669729013751e-02 1.000000000000000000e+00 1.200000000000000000e+02 3.500000000000000000e+00 -8.000000000000000000e+00 -1.250000000000000000e+00 -1.459437608718872070e-01 -3.584261238574981689e-02 1.000000000000000000e+00 3.000000000000000000e+00 2.000000000000000000e+01 2.200000000000000000e+01 0.000000000000000000e+00 1.000000000000000000e+00 1.600000000000000000e+01 3.000000000000000000e+00
7.404994001866695896e+01 -3.334706830055141324e+01 6.439423862160083278e-02 3.000000000000000000e+00 1.210000000000000000e+02 4.500000000000000000e+00 -8.750000000000000000e+00 -1.250000000000000000e+00 -4.645527154207229614e-02 2.039349451661109924e-02 1.000000000000000000e+00 3.000000000000000000e+00 2.000000000000000000e+01 2.100000000000000000e+01 0.000000000000000000e+00 1.000000000000000000e+00 1.600000000000000000e+01 3.000000000000000000e+00
7.605701612442273074e+01 -3.115352313640803317e+01 6.468262779899514037e-02 1.000000000000000000e+00 1.220000000000000000e+02 2.500000000000000000e+00 -8.750000000000000000e+00 -1.250000000000000000e+00 -9.034594893455505371e-02 3.606834262609481812e-02 1.000000000000000000e+00 3.000000000000000000e+00 2.100000000000000000e+01 2.200000000000000000e+01 0.000000000000000000e+00 1.000000000000000000e+00 1.600000000000000000e+01 3.000000000000000000e+00
8.061935329047076948e+01 1.923203362762652802e+01 3.777283142421197781e-02 3.000000000000000000e+00 1.230000000000000000e+02 0.000000000000000000e+00 -8.000000000000000000e+00 -1.500000000000000000e+00 -1.943577975034713745e-01 -4.633223637938499451e-02 1.000000000000000000e+00 3.000000000000000000e+00 2.000000000000000000e+01 2.200000000000000000e+01 9.000000000000000000e+00 3.000000000000000000e+00 1.600000000000000000e+01 3.000000000000000000e+00
7.705572204031685146e+01 -3.155674154332347570e+01 6.573367823699516332e-02 1.000000000000000000e+00 1.240000000000000000e+02 3.500000000000000000e+00 -9.000000000000000000e+00 -1.250000000000000000e+00 -3.059663176536560059e-01 1.221523657441139221e-01 1.000000000000000000e+00 3.000000000000000000e+00 2.100000000000000000e+01 2.200000000000000000e+01 0.000000000000000000e+00 1.000000000000000000e+00 1.600000000000000000e+01 3.000000000000000000e+00
