-4.682201975385291703e+00 3.718976122876916257e+00 -1.212954232894168649e-01 1.000000000000000000e+00 0.000000000000000000e+00 3.000000000000000000e+00 -8.750000000000000000e+00 0.000000000000000000e+00 -5.088433995842933655e-02 -6.275735795497894287e-02 1.000000000000000000e+00 3.000000000000000000e+00 1.900000000000000000e+01 1.900000000000000000e+01 0.000000000000000000e+00 1.000000000000000000e+00 1.800000000000000000e+01 3.000000000000000000e+00
-3.675779899777968041e+00 4.102531140426496137e+00 -1.214949274049327704e-01 1.000000000000000000e+00 1.000000000000000000e+00 3.500000000000000000e+00 -8.500000000000000000e+00 0.000000000000000000e+00 5.801393836736679077e-02 5.946428328752517700e-02 1.000000000000000000e+00 3.000000000000000000e+00 1.900000000000000000e+01 1.900000000000000000e+01 0.000000000000000000e+00 1.000000000000000000e+00 1.700000000000000000e+01 3.000000000000000000e+00
-3.872474862453139099e+00 4.305782710753074838e+00 -1.216509161268306133e-01 1.000000000000000000e+00 2.000000000000000000e+00 -3.000000000000000000e+00 -8.500000000000000000e+00 0.000000000000000000e+00 5.278346687555313110e-02 5.972866714000701904e-02 1.000000000000000000e+00 3.000000000000000000e+00 2.000000000000000000e+01 2.000000000000000000e+01 1.100000000000000000e+01 3.000000000000000000e+00 1.800000000000000000e+01 3.000000000000000000e+00
-3.662667051214376635e+00 4.902423661414261780e+00 -1.220546114270218835e-01 1.000000000000000000e+00 3.000000000000000000e+00 -1.000000000000000000e+00 -8.500000000000000000e+00 0.000000000000000000e+00 4.863006249070167542e-02 5.957182496786117554e-02 1.000000000000000000e+00 3.000000000000000000e+00 1.900000000000000000e+01 1.900000000000000000e+01 0.000000000000000000e+00 1.000000000000000000e+00 1.800000000000000000e+01 3.000000000000000000e+00
-2.875887184881960934e+00 4.089418333653911830e+00 -1.214306572066256723e-01 1.000000000000000000e+00 4.000000000000000000e+00 -1.000000000000000000e+00 -8.750000000000000000e+00 -2.500000000000000000e-01 -2.005272060632705688e-01 -1.712836474180221558e-01 1.000000000000000000e+00 3.000000000000000000e+00 1.900000000000000000e+01 1.900000000000000000e+01 0.000000000000000000e+00 1.000000000000000000e+00 1.700000000000000000e+01 3.000000000000000000e+00
-2.085829579273812406e+00 3.476386382342834480e+00 -1.209466241968585321e-01 1.000000000000000000e+00 5.000000000000000000e+00 -3.000000000000000000e+00 -8.750000000000000000e+00 -2.500000000000000000e-01 -2.103838175535202026e-01 -1.314898729324340820e-01 1.000000000000000000e+00 3.000000000000000000e+00 1.900000000000000000e+01 1.900000000000000000e+01 1.600000000000000000e+01 1.000000000000000000e+00 1.700000000000000000e+01 3.000000000000000000e+00
-2.666079612029746748e+00 4.686059288223018093e+00 -1.218343525259709403e-01 1.000000000000000000e+00 6.000000000000000000e+00 -4.000000000000000000e+00 -8.750000000000000000e+00 -2.500000000000000000e-01 -1.949227750301361084e-01 -1.832273900508880615e-01 1.000000000000000000e+00 3.000000000000000000e+00 2.000000000000000000e+01 2.000000000000000000e+01 1.100000000000000000e+01 3.000000000000000000e+00 1.700000000000000000e+01 3.000000000000000000e+00
-1.489188493629254317e+00 3.266578650924374383e+00 -1.207585005617599350e-01 1.000000000000000000e+00 7.000000000000000000e+00 -2.500000000000000000e+00 -8.750000000000000000e+00 -2.500000000000000000e-01 -2.108658254146575928e-01 -1.122350469231605530e-01 1.000000000000000000e+00 3.000000000000000000e+00 1.900000000000000000e+01 1.900000000000000000e+01 0.000000000000000000e+00 1.000000000000000000e+00 1.600000000000000000e+01 3.000000000000000000e+00
-2.462828455643463421e+00 4.882754459071223962e+00 -1.219582061678692458e-01 1.000000000000000000e+00 8.000000000000000000e+00 -1.500000000000000000e+00 -8.750000000000000000e+00 -2.500000000000000000e-01 -1.947642415761947632e-01 -1.835278570652008057e-01 1.000000000000000000e+00 3.000000000000000000e+00 1.900000000000000000e+01 1.900000000000000000e+01 0.000000000000000000e+00 1.000000000000000000e+00 1.700000000000000000e+01 3.000000000000000000e+00
-2.849661495570642522e+00 5.689202898856459356e+00 -1.225500249172063183e-01 1.000000000000000000e+00 9.000000000000000000e+00 -4.000000000000000000e+00 -8.750000000000000000e+00 -2.500000000000000000e-01 -1.766541898250579834e-01 -2.097768187522888184e-01 1.000000000000000000e+00 3.000000000000000000e+00 1.900000000000000000e+01 1.900000000000000000e+01 0.000000000000000000e+00 1.000000000000000000e+00 1.800000000000000000e+01 3.000000000000000000e+00
-1.862908681084909368e+00 4.872919850083865967e+00 -1.219100034999849175e-01 1.000000000000000000e+00 1.000000000000000000e+01 5.500000000000000000e+00 -8.750000000000000000e+00 -2.500000000000000000e-01 -2.010931074619293213e-01 -1.698890179395675659e-01 1.000000000000000000e+00 3.000000000000000000e+00 1.900000000000000000e+01 1.900000000000000000e+01 0.000000000000000000e+00 1.000000000000000000e+00 1.700000000000000000e+01 3.000000000000000000e+00
3.171263007820090962e-01 3.637021100087861392e+00 -1.208937346457675394e-01 1.000000000000000000e+00 1.100000000000000000e+01 -4.500000000000000000e+00 -8.750000000000000000e+00 -2.500000000000000000e-01 -2.093122601509094238e-01 -9.680692851543426514e-02 1.000000000000000000e+00 3.000000000000000000e+00 2.000000000000000000e+01 1.900000000000000000e+01 0.000000000000000000e+00 1.000000000000000000e+00 1.600000000000000000e+01 3.000000000000000000e+00
7.039593368012564412e-01 2.830572421916135006e+00 -1.203019157296316699e-01 1.000000000000000000e+00 1.200000000000000000e+01 4.500000000000000000e+00 -8.750000000000000000e+00 -2.500000000000000000e-01 -2.022158801555633545e-01 -6.981263309717178345e-02 1.000000000000000000e+00 3.000000000000000000e+00 1.900000000000000000e+01 1.900000000000000000e+01 0.000000000000000000e+00 1.000000000000000000e+00 1.600000000000000000e+01 3.000000000000000000e+00
3.269609372047028728e-01 4.236940490828684958e+00 -1.213134976623343741e-01 1.000000000000000000e+00 1.300000000000000000e+01 -1.500000000000000000e+00 -8.750000000000000000e+00 -2.500000000000000000e-01 -2.109107375144958496e-01 -1.133645325899124146e-01 1.000000000000000000e+00 3.000000000000000000e+00 1.900000000000000000e+01 1.900000000000000000e+01 0.000000000000000000e+00 1.000000000000000000e+00 1.600000000000000000e+01 3.000000000000000000e+00
1.323548376389332759e+00 4.020576117637441271e+00 -1.210932387612834310e-01 1.000000000000000000e+00 1.400000000000000000e+01 -5.000000000000000000e+00 -8.750000000000000000e+00 -2.500000000000000000e-01 -2.090556025505065918e-01 -9.523643553256988525e-02 1.000000000000000000e+00 3.000000000000000000e+00 1.900000000000000000e+01 1.900000000000000000e+01 1.100000000000000000e+01 3.000000000000000000e+00 1.600000000000000000e+01 3.000000000000000000e+00
1.752998162424386663e+00 5.813777655902969244e+00 -1.223203925833396127e-01 1.000000000000000000e+00 1.500000000000000000e+01 -4.500000000000000000e+00 -8.250000000000000000e+00 -2.500000000000000000e-01 1.483586728572845459e-01 9.311874955892562866e-02 1.000000000000000000e+00 3.000000000000000000e+00 2.000000000000000000e+01 1.900000000000000000e+01 0.000000000000000000e+00 1.000000000000000000e+00 1.700000000000000000e+01 3.000000000000000000e+00
2.726638128346529300e+00 4.197602086142610212e+00 -1.211206871440290989e-01 1.000000000000000000e+00 1.600000000000000000e+01 6.500000000000000000e+00 -8.250000000000000000e+00 -2.500000000000000000e-01 2.199308276176452637e-01 9.093294292688369751e-02 1.000000000000000000e+00 3.000000000000000000e+00 2.000000000000000000e+01 1.900000000000000000e+01 0.000000000000000000e+00 1.000000000000000000e+00 1.600000000000000000e+01 3.000000000000000000e+00
9.367173870079579245e-01 -7.374611486401582816e+00 -1.131338108117229957e-01 1.000000000000000000e+00 1.700000000000000000e+01 2.000000000000000000e+00 -9.000000000000000000e+00 -2.500000000000000000e-01 -1.173645704984664917e-01 9.735924750566482544e-02 1.000000000000000000e+00 3.000000000000000000e+00 1.900000000000000000e+01 1.900000000000000000e+01 0.000000000000000000e+00 1.000000000000000000e+00 1.700000000000000000e+01 3.000000000000000000e+00
3.123306746518800026e+00 3.991072306307045903e+00 -1.209486308342464650e-01 1.000000000000000000e+00 1.800000000000000000e+01 1.000000000000000000e+00 -8.750000000000000000e+00 -2.500000000000000000e-01 -2.049272209405899048e-01 -7.779643684625625610e-02 1.000000000000000000e+00 3.000000000000000000e+00 2.000000000000000000e+01 1.900000000000000000e+01 9.000000000000000000e+00 3.000000000000000000e+00 1.600000000000000000e+01 3.000000000000000000e+00
2.746307393376051564e+00 5.397440390851275360e+00 -1.219602128435651883e-01 1.000000000000000000e+00 1.900000000000000000e+01 7.500000000000000000e+00 -8.500000000000000000e+00 -2.500000000000000000e-01 -1.546891219913959503e-02 -8.180674165487289429e-03 1.000000000000000000e+00 3.000000000000000000e+00 1.900000000000000000e+01 1.900000000000000000e+01 0.000000000000000000e+00 1.000000000000000000e+00 1.600000000000000000e+01 3.000000000000000000e+00
3.139697803315355529e+00 4.990937719155260410e+00 -1.216482356950590732e-01 1.000000000000000000e+00 2.000000000000000000e+01 -2.000000000000000000e+00 -8.750000000000000000e+00 -2.500000000000000000e-01 -2.096392959356307983e-01 -9.899633377790451050e-02 1.000000000000000000e+00 3.000000000000000000e+00 2.000000000000000000e+01 1.900000000000000000e+01 9.000000000000000000e+00 3.000000000000000000e+00 1.600000000000000000e+01 3.000000000000000000e+00
1.930026625775488114e+00 -7.790948274680294716e+00 -1.127736314055461514e-01 1.000000000000000000e+00 2.100000000000000000e+01 1.500000000000000000e+00 -9.000000000000000000e+00 -2.500000000000000000e-01 -1.289193779230117798e-01 1.012938022613525391e-01 1.000000000000000000e+00 3.000000000000000000e+00 1.900000000000000000e+01 1.900000000000000000e+01 0.000000000000000000e+00 1.000000000000000000e+00 1.700000000000000000e+01 3.000000000000000000e+00
3.556034740786818915e+00 5.984246736433023628e+00 -1.223157054950261419e-01 1.000000000000000000e+00 2.200000000000000000e+01 5.000000000000000000e-01 -8.500000000000000000e+00 -2.500000000000000000e-01 -1.815200224518775940e-02 -9.886358864605426788e-03 1.000000000000000000e+00 3.000000000000000000e+00 1.900000000000000000e+01 1.900000000000000000e+01 1.100000000000000000e+01 3.000000000000000000e+00 1.600000000000000000e+01 3.000000000000000000e+00
4.939456173444822795e+00 4.961433907824864598e+00 -1.215036277680220933e-01 1.000000000000000000e+00 2.300000000000000000e+01 5.000000000000000000e-01 -8.500000000000000000e+00 -2.500000000000000000e-01 8.237518370151519775e-03 3.334233537316322327e-03 1.000000000000000000e+00 3.000000000000000000e+00 1.900000000000000000e+01 1.900000000000000000e+01 9.000000000000000000e+00 3.000000000000000000e+00 1.600000000000000000e+01 3.000000000000000000e+00
3.533089310254270643e+00 -7.617200980733334070e+00 -1.127850119242714694e-01 1.000000000000000000e+00 2.400000000000000000e+01 2.000000000000000000e+00 -9.000000000000000000e+00 -2.500000000000000000e-01 -1.666463464498519897e-01 1.096357554197311401e-01 1.000000000000000000e+00 3.000000000000000000e+00 1.900000000000000000e+01 1.900000000000000000e+01 0.000000000000000000e+00 1.000000000000000000e+00 1.700000000000000000e+01 3.000000000000000000e+00
6.345824133634984321e+00 5.338432768190483735e+00 -1.216709969894912563e-01 1.000000000000000000e+00 2.500000000000000000e+01 6.500000000000000000e+00 -8.500000000000000000e+00 -2.500000000000000000e-01 1.074757613241672516e-02 4.222261719405651093e-03 1.000000000000000000e+00 3.000000000000000000e+00 1.900000000000000000e+01 1.900000000000000000e+01 0.000000000000000000e+00 1.000000000000000000e+00 1.600000000000000000e+01 3.000000000000000000e+00
5.729516306371873924e+00 -7.853234095126312653e+00 -1.124683480210494496e-01 1.000000000000000000e+00 2.600000000000000000e+01 4.000000000000000000e+00 -9.000000000000000000e+00 -2.500000000000000000e-01 -1.972608119249343872e-01 1.116844192147254944e-01 1.000000000000000000e+00 3.000000000000000000e+00 1.900000000000000000e+01 1.900000000000000000e+01 0.000000000000000000e+00 1.000000000000000000e+00 1.600000000000000000e+01 3.000000000000000000e+00
6.732660169838299069e+00 -7.669652207823673074e+00 -1.125279311310430769e-01 1.000000000000000000e+00 2.700000000000000000e+01 -3.000000000000000000e+00 -8.750000000000000000e+00 -2.500000000000000000e-01 -1.813506148755550385e-02 9.315956383943557739e-03 1.000000000000000000e+00 3.000000000000000000e+00 2.000000000000000000e+01 1.900000000000000000e+01 0.000000000000000000e+00 1.000000000000000000e+00 1.600000000000000000e+01 3.000000000000000000e+00
7.755470302058110832e+00 5.915404520416553069e+00 -1.219782870496839006e-01 1.000000000000000000e+00 2.800000000000000000e+01 2.050000000000000000e+01 -8.500000000000000000e+00 -2.500000000000000000e-01 1.006018649786710739e-02 3.984878771007061005e-03 1.000000000000000000e+00 3.000000000000000000e+00 1.900000000000000000e+01 1.900000000000000000e+01 0.000000000000000000e+00 1.000000000000000000e+00 1.600000000000000000e+01 3.000000000000000000e+00
7.109658577250717926e+00 -9.076019799963241041e+00 -1.115163495319379666e-01 1.000000000000000000e+00 2.900000000000000000e+01 -3.000000000000000000e+00 -9.000000000000000000e+00 -2.500000000000000000e-01 -1.879100501537322998e-01 1.114932894706726074e-01 1.000000000000000000e+00 3.000000000000000000e+00 1.900000000000000000e+01 1.900000000000000000e+01 9.000000000000000000e+00 3.000000000000000000e+00 1.700000000000000000e+01 3.000000000000000000e+00
8.758614173340403042e+00 6.098986884492174632e+00 -1.220378704932751079e-01 1.000000000000000000e+00 3.000000000000000000e+01 3.500000000000000000e+00 -8.500000000000000000e+00 -2.500000000000000000e-01 1.260883919894695282e-02 4.843640141189098358e-03 1.000000000000000000e+00 3.000000000000000000e+00 1.900000000000000000e+01 1.900000000000000000e+01 1.100000000000000000e+01 3.000000000000000000e+00 1.600000000000000000e+01 3.000000000000000000e+00
8.325889175348516247e+00 -8.095824081862724952e+00 -1.121195487233843102e-01 1.000000000000000000e+00 3.100000000000000000e+01 1.000000000000000000e+00 -9.000000000000000000e+00 -2.500000000000000000e-01 -2.254690527915954590e-01 1.099509522318840027e-01 1.000000000000000000e+00 3.000000000000000000e+00 1.900000000000000000e+01 1.900000000000000000e+01 0.000000000000000000e+00 1.000000000000000000e+00 1.600000000000000000e+01 3.000000000000000000e+00
8.306219902503128694e+00 -9.295662863344372084e+00 -1.112800226902506268e-01 1.000000000000000000e+00 3.200000000000000000e+01 0.000000000000000000e+00 -8.750000000000000000e+00 -2.500000000000000000e-01 -8.777822367846965790e-03 4.930752795189619064e-03 1.000000000000000000e+00 3.000000000000000000e+00 1.900000000000000000e+01 1.900000000000000000e+01 0.000000000000000000e+00 1.000000000000000000e+00 1.600000000000000000e+01 3.000000000000000000e+00
9.758479828573863202e+00 6.082595879934364014e+00 -1.219575327645452401e-01 1.000000000000000000e+00 3.300000000000000000e+01 4.000000000000000000e+00 -8.500000000000000000e+00 -2.500000000000000000e-01 1.741451025009155273e-02 6.305253598839044571e-03 1.000000000000000000e+00 3.000000000000000000e+00 1.900000000000000000e+01 1.900000000000000000e+01 0.000000000000000000e+00 1.000000000000000000e+00 1.600000000000000000e+01 3.000000000000000000e+00
1.032562048581543657e+01 -8.128606090978346188e+00 -1.119588732659245744e-01 1.000000000000000000e+00 3.400000000000000000e+01 -1.500000000000000000e+00 -9.000000000000000000e+00 -2.500000000000000000e-01 -2.455185949802398682e-01 1.065712496638298035e-01 1.000000000000000000e+00 3.000000000000000000e+00 1.900000000000000000e+01 1.900000000000000000e+01 9.000000000000000000e+00 3.000000000000000000e+00 1.600000000000000000e+01 3.000000000000000000e+00
1.272201946090843272e+01 -8.367917864297853114e+00 -1.116261415752982378e-01 1.000000000000000000e+00 3.500000000000000000e+01 1.500000000000000000e+00 -9.000000000000000000e+00 -2.500000000000000000e-01 -2.610879838466644287e-01 1.026608124375343323e-01 1.000000000000000000e+00 3.000000000000000000e+00 1.900000000000000000e+01 1.900000000000000000e+01 0.000000000000000000e+00 1.000000000000000000e+00 1.600000000000000000e+01 3.000000000000000000e+00
1.222699945513488196e+01 1.024269201850160194e+01 -1.247030625282138649e-01 1.000000000000000000e+00 3.600000000000000000e+01 -1.000000000000000000e+00 -8.750000000000000000e+00 -2.500000000000000000e-01 -2.108464986085891724e-01 -1.118125468492507935e-01 1.000000000000000000e+00 3.000000000000000000e+00 1.900000000000000000e+01 1.900000000000000000e+01 1.600000000000000000e+01 1.000000000000000000e+00 1.600000000000000000e+01 3.000000000000000000e+00
1.412183099681679899e+01 -8.390865264426116354e+00 -1.115136687857228304e-01 1.000000000000000000e+00 3.700000000000000000e+01 5.500000000000000000e+00 -9.000000000000000000e+00 -2.500000000000000000e-01 -2.706857621669769287e-01 9.966158121824264526e-02 1.000000000000000000e+00 3.000000000000000000e+00 1.900000000000000000e+01 1.900000000000000000e+01 0.000000000000000000e+00 1.000000000000000000e+00 1.600000000000000000e+01 3.000000000000000000e+00
1.169264581485494325e+01 1.425198824761846161e+01 -1.275496844861165602e-01 3.000000000000000000e+00 3.800000000000000000e+01 -3.000000000000000000e+00 -9.250000000000000000e+00 -2.500000000000000000e-01 -5.243442654609680176e-01 -3.959891498088836670e-01 1.000000000000000000e+00 3.000000000000000000e+00 2.000000000000000000e+01 2.000000000000000000e+01 1.100000000000000000e+01 3.000000000000000000e+00 1.700000000000000000e+01 3.000000000000000000e+00
1.347601627573327043e+01 -1.118065304857698905e+01 -1.096029783770880173e-01 3.000000000000000000e+00 3.900000000000000000e+01 -1.000000000000000000e+00 -9.250000000000000000e+00 -2.500000000000000000e-01 -4.160217344760894775e-01 2.118989080190658569e-01 1.000000000000000000e+00 3.000000000000000000e+00 1.900000000000000000e+01 1.900000000000000000e+01 0.000000000000000000e+00 1.000000000000000000e+00 1.600000000000000000e+01 3.000000000000000000e+00
1.469880329811286579e+01 -9.800511069982590584e+00 -1.104860195795789313e-01 1.000000000000000000e+00 4.000000000000000000e+01 -3.000000000000000000e+00 -9.000000000000000000e+00 -5.000000000000000000e-01 -1.614146828651428223e-01 6.785130500793457031e-02 1.000000000000000000e+00 3.000000000000000000e+00 1.900000000000000000e+01 1.900000000000000000e+01 0.000000000000000000e+00 1.000000000000000000e+00 1.600000000000000000e+01 3.000000000000000000e+00
1.670509102504571786e+01 -9.433347295377313202e+00 -1.106051857995661580e-01 1.000000000000000000e+00 4.100000000000000000e+01 2.500000000000000000e+00 -9.000000000000000000e+00 -5.000000000000000000e-01 -1.886710226535797119e-01 6.979293376207351685e-02 1.000000000000000000e+00 3.000000000000000000e+00 2.000000000000000000e+01 1.900000000000000000e+01 0.000000000000000000e+00 1.000000000000000000e+00 1.600000000000000000e+01 3.000000000000000000e+00
1.776068628276650685e+01 -6.050195324123613716e+00 -1.129035049979162653e-01 1.000000000000000000e+00 4.200000000000000000e+01 1.350000000000000000e+01 -8.000000000000000000e+00 -5.000000000000000000e-01 6.801075935363769531e-01 -1.514301896095275879e-01 1.000000000000000000e+00 3.000000000000000000e+00 1.900000000000000000e+01 1.900000000000000000e+01 0.000000000000000000e+00 1.000000000000000000e+00 1.600000000000000000e+01 3.000000000000000000e+00
1.709520228102172723e+01 -1.003982236652911553e+01 -1.101532882225501747e-01 1.000000000000000000e+00 4.300000000000000000e+01 2.000000000000000000e+00 -8.250000000000000000e+00 -5.000000000000000000e-01 4.730927944183349609e-01 -1.835599839687347412e-01 1.000000000000000000e+00 3.000000000000000000e+00 2.000000000000000000e+01 1.900000000000000000e+01 1.600000000000000000e+01 1.000000000000000000e+00 1.600000000000000000e+01 3.000000000000000000e+00
1.604616345539859168e+01 -1.302302760051595065e+01 -1.081348113688422319e-01 3.000000000000000000e+00 4.400000000000000000e+01 6.000000000000000000e+00 -8.500000000000000000e+00 -5.000000000000000000e-01 2.836162149906158447e-01 -1.500802338123321533e-01 1.000000000000000000e+00 3.000000000000000000e+00 1.900000000000000000e+01 1.900000000000000000e+01 0.000000000000000000e+00 1.000000000000000000e+00 1.600000000000000000e+01 3.000000000000000000e+00
1.791804151563402314e+01 -8.653123961100904538e+00 -1.110684646391186803e-01 1.000000000000000000e+00 4.500000000000000000e+01 5.500000000000000000e+00 -9.000000000000000000e+00 -5.000000000000000000e-01 -2.156412154436111450e-01 6.937295198440551758e-02 1.000000000000000000e+00 3.000000000000000000e+00 1.900000000000000000e+01 1.900000000000000000e+01 0.000000000000000000e+00 1.000000000000000000e+00 1.600000000000000000e+01 3.000000000000000000e+00
1.875071729766933970e+01 -6.666505957808739780e+00 -1.124034040858207517e-01 1.000000000000000000e+00 4.600000000000000000e+01 3.000000000000000000e+00 -8.250000000000000000e+00 -5.000000000000000000e-01 4.457272291183471680e-01 -1.055669859051704407e-01 1.000000000000000000e+00 3.000000000000000000e+00 1.900000000000000000e+01 1.900000000000000000e+01 1.100000000000000000e+01 3.000000000000000000e+00 1.600000000000000000e+01 3.000000000000000000e+00
1.354813990784569988e+01 -1.898288262646513047e+01 -1.041299920550766839e-01 1.000000000000000000e+00 4.700000000000000000e+01 -1.000000000000000000e+00 -9.000000000000000000e+00 -2.500000000000000000e-01 -1.083487868309020996e-01 9.380196034908294678e-02 1.000000000000000000e+00 3.000000000000000000e+00 2.000000000000000000e+01 2.000000000000000000e+01 0.000000000000000000e+00 1.000000000000000000e+00 1.700000000000000000e+01 3.000000000000000000e+00
1.974402653643686989e+01 -7.082842746087450791e+00 -1.120432246796439213e-01 3.000000000000000000e+00 4.800000000000000000e+01 -1.500000000000000000e+00 -8.000000000000000000e+00 -5.000000000000000000e-01 6.833391785621643066e-01 -1.658830493688583374e-01 1.000000000000000000e+00 3.000000000000000000e+00 1.900000000000000000e+01 1.900000000000000000e+01 0.000000000000000000e+00 1.000000000000000000e+00 1.600000000000000000e+01 3.000000000000000000e+00
2.056030825758362823e+01 6.105545903812439335e+00 -1.212298060410469253e-01 3.000000000000000000e+00 4.900000000000000000e+01 -2.000000000000000000e+00 -8.750000000000000000e+00 -5.000000000000000000e-01 -2.438168525695800781e-01 -5.619892105460166931e-02 1.000000000000000000e+00 3.000000000000000000e+00 1.900000000000000000e+01 1.900000000000000000e+01 0.000000000000000000e+00 1.000000000000000000e+00 1.600000000000000000e+01 3.000000000000000000e+00
2.156673033709888188e+01 6.489101159748510206e+00 -1.214293103233616139e-01 3.000000000000000000e+00 5.000000000000000000e+01 -2.500000000000000000e+00 -8.750000000000000000e+00 -5.000000000000000000e-01 -2.458678334951400757e-01 -5.809890478849411011e-02 1.000000000000000000e+00 3.000000000000000000e+00 1.900000000000000000e+01 1.900000000000000000e+01 4.000000000000000000e+00 3.000000000000000000e+00 1.600000000000000000e+01 3.000000000000000000e+00
2.327797604541757437e+01 1.060324039314836320e+00 -1.175068361578330972e-01 0.000000000000000000e+00 5.100000000000000000e+01 4.000000000000000000e+00 -4.000000000000000000e+00 0.000000000000000000e+00 4.595314979553222656e+00 2.223539352416992188e-01 1.000000000000000000e+00 3.000000000000000000e+00 1.900000000000000000e+01 1.900000000000000000e+01 1.600000000000000000e+01 1.000000000000000000e+00 1.600000000000000000e+01 3.000000000000000000e+00
2.220598674243995418e+01 8.878943668214825280e+00 -1.230601595413791105e-01 0.000000000000000000e+00 5.200000000000000000e+01 2.000000000000000000e+00 -4.000000000000000000e+00 0.000000000000000000e+00 4.200454711914062500e+00 1.310880184173583984e+00 1.000000000000000000e+00 2.000000000000000000e+00 1.900000000000000000e+01 1.900000000000000000e+01 0.000000000000000000e+00 1.000000000000000000e+00 1.600000000000000000e+01 3.000000000000000000e+00
2.317634849231326655e+01 7.062794729821034068e+00 -1.217205329297475214e-01 3.000000000000000000e+00 5.300000000000000000e+01 -4.000000000000000000e+00 -8.750000000000000000e+00 -5.000000000000000000e-01 -2.483764588832855225e-01 -6.048128381371498108e-02 1.000000000000000000e+00 3.000000000000000000e+00 2.000000000000000000e+01 2.000000000000000000e+01 4.000000000000000000e+00 3.000000000000000000e+00 1.600000000000000000e+01 3.000000000000000000e+00
2.450076307561303679e+01 2.440466494682216769e+00 -1.183898776939216052e-01 0.000000000000000000e+00 5.400000000000000000e+01 4.000000000000000000e+00 -4.000000000000000000e+00 0.000000000000000000e+00 4.569560050964355469e+00 4.115442037582397461e-01 1.000000000000000000e+00 1.000000000000000000e+00 1.900000000000000000e+01 1.900000000000000000e+01 1.100000000000000000e+01 3.000000000000000000e+00 1.600000000000000000e+01 3.000000000000000000e+00
2.474007550737159278e+01 4.836865367455623677e+00 -1.200528618195525754e-01 1.000000000000000000e+00 5.500000000000000000e+01 -4.500000000000000000e+00 -8.750000000000000000e+00 -5.000000000000000000e-01 -2.183519899845123291e-01 -3.571807220578193665e-02 1.000000000000000000e+00 3.000000000000000000e+00 2.000000000000000000e+01 2.000000000000000000e+01 9.000000000000000000e+00 3.000000000000000000e+00 1.600000000000000000e+01 3.000000000000000000e+00
2.140282085831706382e+01 -1.571118947369920349e+01 -1.058820147593565048e-01 1.000000000000000000e+00 5.600000000000000000e+01 0.000000000000000000e+00 -9.000000000000000000e+00 -5.000000000000000000e-01 -1.111328825354576111e-01 5.783445760607719421e-02 1.000000000000000000e+00 3.000000000000000000e+00 2.000000000000000000e+01 2.000000000000000000e+01 0.000000000000000000e+00 1.000000000000000000e+00 1.600000000000000000e+01 3.000000000000000000e+00
2.497610590889653537e+01 7.033290934122318205e+00 -1.215759250793265883e-01 3.000000000000000000e+00 5.700000000000000000e+01 -2.500000000000000000e+00 -8.750000000000000000e+00 -5.000000000000000000e-01 -2.436624467372894287e-01 -5.605731531977653503e-02 1.000000000000000000e+00 3.000000000000000000e+00 2.000000000000000000e+01 2.000000000000000000e+01 9.000000000000000000e+00 3.000000000000000000e+00 1.600000000000000000e+01 3.000000000000000000e+00
2.559569685557700325e+01 8.223294598580265458e+00 -1.223672479577462835e-01 3.000000000000000000e+00 5.800000000000000000e+01 1.500000000000000000e+00 -8.750000000000000000e+00 -5.000000000000000000e-01 -2.546445727348327637e-01 -6.672915071249008179e-02 1.000000000000000000e+00 3.000000000000000000e+00 1.900000000000000000e+01 1.900000000000000000e+01 0.000000000000000000e+00 1.000000000000000000e+00 1.600000000000000000e+01 3.000000000000000000e+00
2.507773045790884225e+01 1.323245630307206078e+01 -1.259134750829256910e-01 1.000000000000000000e+00 5.900000000000000000e+01 -4.500000000000000000e+00 -7.750000000000000000e+00 -5.000000000000000000e-01 5.531665086746215820e-01 2.324656844139099121e-01 1.000000000000000000e+00 3.000000000000000000e+00 2.000000000000000000e+01 2.000000000000000000e+01 4.000000000000000000e+00 3.000000000000000000e+00 1.600000000000000000e+01 3.000000000000000000e+00
2.834942497305289777e+01 5.377776928412524526e+00 -1.201834089684787471e-01 1.000000000000000000e+00 6.000000000000000000e+01 2.050000000000000000e+01 -8.750000000000000000e+00 -5.000000000000000000e-01 -2.184778600931167603e-01 -3.580609336495399475e-02 1.000000000000000000e+00 3.000000000000000000e+00 1.900000000000000000e+01 1.900000000000000000e+01 0.000000000000000000e+00 1.000000000000000000e+00 1.600000000000000000e+01 3.000000000000000000e+00
3.020491498058377289e+01 -3.453820904476584186e+00 -1.138662106024290466e-01 0.000000000000000000e+00 6.100000000000000000e+01 1.200000000000000000e+01 2.500000000000000000e+00 0.000000000000000000e+00 1.104012966156005859e+01 -8.425362110137939453e-01 1.000000000000000000e+00 3.000000000000000000e+00 1.900000000000000000e+01 1.900000000000000000e+01 0.000000000000000000e+00 1.000000000000000000e+00 1.600000000000000000e+01 3.000000000000000000e+00
2.869364235605594615e+01 -1.022995799438903575e+01 -1.092213706918693655e-01 1.000000000000000000e+00 6.200000000000000000e+01 9.500000000000000000e+00 -9.000000000000000000e+00 -5.000000000000000000e-01 -2.481217682361602783e-01 6.575904786586761475e-02 1.000000000000000000e+00 3.000000000000000000e+00 1.900000000000000000e+01 1.900000000000000000e+01 0.000000000000000000e+00 1.000000000000000000e+00 1.600000000000000000e+01 3.000000000000000000e+00
3.014590417358733276e+01 5.148299764080376484e+00 -1.198988799457367249e-01 1.000000000000000000e+00 6.300000000000000000e+01 -1.000000000000000000e+00 -8.750000000000000000e+00 -5.000000000000000000e-01 -2.131249457597732544e-01 -3.213788941502571106e-02 1.000000000000000000e+00 3.000000000000000000e+00 2.000000000000000000e+01 2.000000000000000000e+01 4.000000000000000000e+00 3.000000000000000000e+00 1.600000000000000000e+01 3.000000000000000000e+00
3.121133706009902653e+01 -3.070265648540512871e+00 -1.140657148847437491e-01 0.000000000000000000e+00 6.400000000000000000e+01 4.000000000000000000e+00 2.500000000000000000e+00 0.000000000000000000e+00 1.105914592742919922e+01 -7.089196443557739258e-01 1.000000000000000000e+00 3.000000000000000000e+00 2.000000000000000000e+01 2.000000000000000000e+01 1.100000000000000000e+01 3.000000000000000000e+00 1.600000000000000000e+01 3.000000000000000000e+00
2.983775012431822660e+01 1.075410282175586119e+01 -1.238488023407788574e-01 0.000000000000000000e+00 6.500000000000000000e+01 4.000000000000000000e+00 2.750000000000000000e+00 0.000000000000000000e+00 1.040918922424316406e+01 3.145022392272949219e+00 1.000000000000000000e+00 1.000000000000000000e+00 2.000000000000000000e+01 2.000000000000000000e+01 0.000000000000000000e+00 1.000000000000000000e+00 1.600000000000000000e+01 3.000000000000000000e+00
3.055241138972843373e+01 -6.659946461715493093e+00 -1.115953399671901630e-01 0.000000000000000000e+00 6.600000000000000000e+01 1.100000000000000000e+01 -5.000000000000000000e+00 0.000000000000000000e+00 3.514647722244262695e+00 -5.583163499832153320e-01 1.000000000000000000e+00 3.000000000000000000e+00 1.900000000000000000e+01 1.900000000000000000e+01 0.000000000000000000e+00 1.000000000000000000e+00 1.600000000000000000e+01 3.000000000000000000e+00
3.039177302962769289e+01 7.944644897347665768e+00 -1.218417060824122655e-01 1.000000000000000000e+00 6.700000000000000000e+01 1.450000000000000000e+01 -8.750000000000000000e+00 -5.000000000000000000e-01 -2.413768470287322998e-01 -5.399219319224357605e-02 1.000000000000000000e+00 3.000000000000000000e+00 1.900000000000000000e+01 1.900000000000000000e+01 0.000000000000000000e+00 1.000000000000000000e+00 1.600000000000000000e+01 3.000000000000000000e+00
2.774622588544590229e+01 1.738927419695903254e+01 -1.286429370863234611e-01 0.000000000000000000e+00 6.800000000000000000e+01 0.000000000000000000e+00 -5.250000000000000000e+00 0.000000000000000000e+00 2.671349048614501953e+00 1.358441710472106934e+00 1.000000000000000000e+00 1.000000000000000000e+00 2.000000000000000000e+01 2.000000000000000000e+01 1.600000000000000000e+01 1.000000000000000000e+00 1.600000000000000000e+01 3.000000000000000000e+00
3.163423232699070553e+01 -1.677010521225473116e+00 -1.150130264591239238e-01 3.000000000000000000e+00 6.900000000000000000e+01 5.000000000000000000e-01 -8.750000000000000000e+00 -5.000000000000000000e-01 -1.308723837137222290e-01 3.653797321021556854e-03 1.000000000000000000e+00 3.000000000000000000e+00 2.000000000000000000e+01 2.000000000000000000e+01 0.000000000000000000e+00 1.000000000000000000e+00 1.600000000000000000e+01 3.000000000000000000e+00
3.155883346924368738e+01 -6.276391205779422222e+00 -1.117948442495048517e-01 0.000000000000000000e+00 7.000000000000000000e+01 5.500000000000000000e+00 -5.000000000000000000e+00 0.000000000000000000e+00 3.529652118682861328e+00 -5.106348991394042969e-01 1.000000000000000000e+00 3.000000000000000000e+00 1.900000000000000000e+01 1.900000000000000000e+01 1.100000000000000000e+01 3.000000000000000000e+00 1.600000000000000000e+01 3.000000000000000000e+00
3.152605135565057282e+01 -8.276122031475852125e+00 -1.103956345278796491e-01 0.000000000000000000e+00 7.100000000000000000e+01 3.000000000000000000e+00 -5.000000000000000000e+00 0.000000000000000000e+00 3.470312595367431641e+00 -6.782082915306091309e-01 1.000000000000000000e+00 3.000000000000000000e+00 1.900000000000000000e+01 1.900000000000000000e+01 0.000000000000000000e+00 1.000000000000000000e+00 1.600000000000000000e+01 3.000000000000000000e+00
3.315206056766151477e+01 -6.702563048555114200e+00 -1.113864619950781509e-01 0.000000000000000000e+00 7.200000000000000000e+01 1.250000000000000000e+01 -5.000000000000000000e+00 0.000000000000000000e+00 3.525433778762817383e+00 -5.245156884193420410e-01 1.000000000000000000e+00 3.000000000000000000e+00 1.900000000000000000e+01 1.900000000000000000e+01 0.000000000000000000e+00 1.000000000000000000e+00 1.600000000000000000e+01 3.000000000000000000e+00
3.058191447717993583e+01 -1.706182500158171322e+01 -1.043033820474448814e-01 0.000000000000000000e+00 7.300000000000000000e+01 1.300000000000000000e+01 -5.250000000000000000e+00 0.000000000000000000e+00 2.832271814346313477e+00 -1.210686087608337402e+00 1.000000000000000000e+00 3.000000000000000000e+00 2.000000000000000000e+01 2.100000000000000000e+01 0.000000000000000000e+00 1.000000000000000000e+00 1.600000000000000000e+01 3.000000000000000000e+00
3.453220473781688327e+01 -7.925349261428385361e+00 -1.104344630191370080e-01 0.000000000000000000e+00 7.400000000000000000e+01 1.300000000000000000e+01 -5.000000000000000000e+00 0.000000000000000000e+00 3.499431133270263672e+00 -6.024963259696960449e-01 1.000000000000000000e+00 3.000000000000000000e+00 1.900000000000000000e+01 1.900000000000000000e+01 0.000000000000000000e+00 1.000000000000000000e+00 1.600000000000000000e+01 3.000000000000000000e+00
3.290946773367077327e+01 1.510433724319618953e+01 -1.266860502752866491e-01 0.000000000000000000e+00 7.500000000000000000e+01 -4.500000000000000000e+00 -5.000000000000000000e+00 0.000000000000000000e+00 3.136837482452392578e+00 1.219018459320068359e+00 1.000000000000000000e+00 1.000000000000000000e+00 2.000000000000000000e+01 2.000000000000000000e+01 4.000000000000000000e+00 3.000000000000000000e+00 1.600000000000000000e+01 3.000000000000000000e+00
3.540093594612561390e+01 8.462609503685927237e+00 -1.218597806221285579e-01 3.000000000000000000e+00 7.600000000000000000e+01 -3.500000000000000000e+00 -8.750000000000000000e+00 -7.500000000000000000e-01 -2.876114547252655029e-01 -6.086661666631698608e-02 1.000000000000000000e+00 3.000000000000000000e+00 1.900000000000000000e+01 1.900000000000000000e+01 4.000000000000000000e+00 3.000000000000000000e+00 1.600000000000000000e+01 3.000000000000000000e+00
3.592217973411809595e+01 -8.548215782647620387e+00 -1.099022275330256287e-01 0.000000000000000000e+00 7.700000000000000000e+01 7.500000000000000000e+00 -5.000000000000000000e+00 0.000000000000000000e+00 3.489534139633178711e+00 -6.293908953666687012e-01 1.000000000000000000e+00 3.000000000000000000e+00 1.900000000000000000e+01 1.900000000000000000e+01 9.000000000000000000e+00 3.000000000000000000e+00 1.600000000000000000e+01 3.000000000000000000e+00
3.676796726771739543e+01 6.439930769824889545e+00 -1.203480976240983019e-01 1.000000000000000000e+00 7.800000000000000000e+01 1.000000000000000000e+00 -8.750000000000000000e+00 -7.500000000000000000e-01 -2.558440566062927246e-01 -4.091199859976768494e-02 1.000000000000000000e+00 3.000000000000000000e+00 1.900000000000000000e+01 1.900000000000000000e+01 0.000000000000000000e+00 1.000000000000000000e+00 1.600000000000000000e+01 3.000000000000000000e+00
3.355528574575313172e+01 -1.871078305723067814e+01 -1.029430008170770378e-01 1.000000000000000000e+00 7.900000000000000000e+01 1.000000000000000000e+00 -9.000000000000000000e+00 -7.500000000000000000e-01 -6.220892816781997681e-02 2.706686779856681824e-02 1.000000000000000000e+00 3.000000000000000000e+00 1.900000000000000000e+01 2.000000000000000000e+01 0.000000000000000000e+00 1.000000000000000000e+00 1.600000000000000000e+01 3.000000000000000000e+00
3.347333046177035243e+01 -2.371011012147175379e+01 -9.944497651301401064e-02 3.000000000000000000e+00 8.000000000000000000e+01 -4.500000000000000000e+00 -9.000000000000000000e+00 -7.500000000000000000e-01 1.113763172179460526e-02 -6.184598430991172791e-03 1.000000000000000000e+00 3.000000000000000000e+00 2.000000000000000000e+01 2.100000000000000000e+01 4.000000000000000000e+00 3.000000000000000000e+00 1.700000000000000000e+01 3.000000000000000000e+00
4.125916678282329286e+01 -2.345794555739772191e-01 -1.153611521798828810e-01 1.000000000000000000e+00 8.100000000000000000e+01 6.000000000000000000e+00 -8.750000000000000000e+00 -7.500000000000000000e-01 -1.520675718784332275e-01 -1.551709836348891258e-03 1.000000000000000000e+00 3.000000000000000000e+00 1.900000000000000000e+01 1.900000000000000000e+01 0.000000000000000000e+00 1.000000000000000000e+00 1.600000000000000000e+01 3.000000000000000000e+00
3.630573946136497199e+01 -2.175627415855856839e+01 -1.006192403490243081e-01 1.000000000000000000e+00 8.200000000000000000e+01 -4.500000000000000000e+00 -9.000000000000000000e+00 -7.500000000000000000e-01 -3.623502328991889954e-02 1.721979677677154541e-02 1.000000000000000000e+00 3.000000000000000000e+00 2.000000000000000000e+01 2.000000000000000000e+01 9.000000000000000000e+00 3.000000000000000000e+00 1.600000000000000000e+01 3.000000000000000000e+00
3.402407897303162088e+01 -2.671954100026711743e+01 -9.729795910945981952e-02 3.000000000000000000e+00 8.300000000000000000e+01 -3.000000000000000000e+00 -9.250000000000000000e+00 -7.500000000000000000e-01 -1.366098821163177490e-01 8.449095487594604492e-02 1.000000000000000000e+00 3.000000000000000000e+00 2.000000000000000000e+01 2.100000000000000000e+01 4.000000000000000000e+00 3.000000000000000000e+00 1.700000000000000000e+01 3.000000000000000000e+00
4.211806634707753716e+01 3.351823144184096659e+00 -1.178154594903976782e-01 0.000000000000000000e+00 8.400000000000000000e+01 -3.500000000000000000e+00 7.500000000000000000e-01 0.000000000000000000e+00 9.293528556823730469e+00 7.651299238204956055e-01 1.000000000000000000e+00 1.000000000000000000e+00 2.000000000000000000e+01 2.000000000000000000e+01 4.000000000000000000e+00 3.000000000000000000e+00 1.600000000000000000e+01 3.000000000000000000e+00
4.322939419183800425e+01 -2.067119160139088141e+00 -1.139411880063202209e-01 1.000000000000000000e+00 8.500000000000000000e+01 1.000000000000000000e+01 -8.750000000000000000e+00 -7.500000000000000000e-01 -1.257020384073257446e-01 3.204169217497110367e-03 1.000000000000000000e+00 3.000000000000000000e+00 1.900000000000000000e+01 1.900000000000000000e+01 0.000000000000000000e+00 1.000000000000000000e+00 1.600000000000000000e+01 3.000000000000000000e+00
4.444234658561077111e+01 -1.286896095512531701e+00 -1.144044665258418803e-01 1.000000000000000000e+00 8.600000000000000000e+01 -2.000000000000000000e+00 -8.750000000000000000e+00 -7.500000000000000000e-01 -1.374941468238830566e-01 1.316993613727390766e-03 1.000000000000000000e+00 3.000000000000000000e+00 1.900000000000000000e+01 2.000000000000000000e+01 1.100000000000000000e+01 3.000000000000000000e+00 1.600000000000000000e+01 3.000000000000000000e+00
4.414402334685577500e+01 4.918825700271022505e+00 -1.187741517435185884e-01 3.000000000000000000e+00 8.700000000000000000e+01 2.500000000000000000e+00 -8.250000000000000000e+00 -7.500000000000000000e-01 2.710761427879333496e-01 2.982884272933006287e-02 1.000000000000000000e+00 3.000000000000000000e+00 1.900000000000000000e+01 1.900000000000000000e+01 9.000000000000000000e+00 3.000000000000000000e+00 1.600000000000000000e+01 3.000000000000000000e+00
4.433744082427349298e+01 4.515601703133215850e+00 -1.184782424590328231e-01 3.000000000000000000e+00 8.800000000000000000e+01 2.500000000000000000e+00 -8.500000000000000000e+00 -7.500000000000000000e-01 3.002637438476085663e-02 3.060380462557077408e-03 1.000000000000000000e+00 3.000000000000000000e+00 1.900000000000000000e+01 1.900000000000000000e+01 9.000000000000000000e+00 3.000000000000000000e+00 1.600000000000000000e+01 3.000000000000000000e+00
4.195743699925279913e+01 -1.864849367512056233e+01 -1.024080852790791724e-01 1.000000000000000000e+00 8.900000000000000000e+01 3.000000000000000000e+00 -9.000000000000000000e+00 -7.500000000000000000e-01 -1.159324124455451965e-01 4.150379821658134460e-02 1.000000000000000000e+00 3.000000000000000000e+00 1.900000000000000000e+01 2.000000000000000000e+01 0.000000000000000000e+00 1.000000000000000000e+00 1.600000000000000000e+01 3.000000000000000000e+00
4.315399832450520989e+01 -1.886813673850169337e+01 -1.021717584373918464e-01 1.000000000000000000e+00 9.000000000000000000e+01 -1.500000000000000000e+00 -9.000000000000000000e+00 -7.500000000000000000e-01 -1.191979423165321350e-01 4.213833436369895935e-02 1.000000000000000000e+00 3.000000000000000000e+00 1.900000000000000000e+01 2.000000000000000000e+01 1.100000000000000000e+01 3.000000000000000000e+00 1.600000000000000000e+01 3.000000000000000000e+00
4.590444523747200378e+01 -9.711990764300963974e+00 -1.083992457185119496e-01 0.000000000000000000e+00 9.100000000000000000e+01 -1.500000000000000000e+00 -4.250000000000000000e+00 0.000000000000000000e+00 4.237292766571044922e+00 -7.009648084640502930e-01 1.000000000000000000e+00 3.000000000000000000e+00 2.000000000000000000e+01 2.000000000000000000e+01 4.000000000000000000e+00 3.000000000000000000e+00 1.600000000000000000e+01 3.000000000000000000e+00
4.686169113762067440e+01 -1.263959854367122382e-01 -1.150511819854038581e-01 0.000000000000000000e+00 9.200000000000000000e+01 7.000000000000000000e+00 -7.500000000000000000e+00 0.000000000000000000e+00 1.105422496795654297e+00 1.417208369821310043e-02 1.000000000000000000e+00 3.000000000000000000e+00 1.900000000000000000e+01 2.000000000000000000e+01 0.000000000000000000e+00 1.000000000000000000e+00 1.600000000000000000e+01 3.000000000000000000e+00
4.774354199420709932e+01 4.859818046346870979e+00 -1.184849357362125905e-01 1.000000000000000000e+00 9.300000000000000000e+01 1.450000000000000000e+01 -8.750000000000000000e+00 -7.500000000000000000e-01 -2.180639058351516724e-01 -2.243617735803127289e-02 1.000000000000000000e+00 3.000000000000000000e+00 1.900000000000000000e+01 1.900000000000000000e+01 0.000000000000000000e+00 1.000000000000000000e+00 1.600000000000000000e+01 3.000000000000000000e+00
4.835985091846981732e+01 5.849848881471086948e+00 -1.191363380823729223e-01 1.000000000000000000e+00 9.400000000000000000e+01 4.000000000000000000e+00 -8.750000000000000000e+00 -7.500000000000000000e-01 -2.294337600469589233e-01 -2.745010890066623688e-02 1.000000000000000000e+00 3.000000000000000000e+00 1.900000000000000000e+01 2.000000000000000000e+01 1.100000000000000000e+01 3.000000000000000000e+00 1.600000000000000000e+01 3.000000000000000000e+00
4.925153560199677827e+01 -7.656536556858358766e-01 -1.144386084067613996e-01 3.000000000000000000e+00 9.500000000000000000e+01 -2.500000000000000000e+00 -8.750000000000000000e+00 -7.500000000000000000e-01 -1.458573937416076660e-01 -2.558901614975184202e-04 1.000000000000000000e+00 3.000000000000000000e+00 2.000000000000000000e+01 2.000000000000000000e+01 9.000000000000000000e+00 3.000000000000000000e+00 1.600000000000000000e+01 3.000000000000000000e+00
4.973671688820809322e+01 4.427090253510348461e+00 -1.180444186013058921e-01 0.000000000000000000e+00 9.600000000000000000e+01 -2.500000000000000000e+00 -4.000000000000000000e+00 0.000000000000000000e+00 4.567711353302001953e+00 4.217573404312133789e-01 1.000000000000000000e+00 1.000000000000000000e+00 1.900000000000000000e+01 2.000000000000000000e+01 4.000000000000000000e+00 3.000000000000000000e+00 1.600000000000000000e+01 3.000000000000000000e+00
4.952363014576084765e+01 3.630475945939489968e+00 -1.175008021862555679e-01 3.000000000000000000e+00 9.700000000000000000e+01 -4.000000000000000000e+00 -8.500000000000000000e+00 -7.500000000000000000e-01 4.717784747481346130e-02 3.711544210091233253e-03 1.000000000000000000e+00 3.000000000000000000e+00 2.000000000000000000e+01 2.100000000000000000e+01 9.000000000000000000e+00 3.000000000000000000e+00 1.600000000000000000e+01 3.000000000000000000e+00
4.846475369134682154e+01 1.224898809582724368e+01 -1.236138095918907082e-01 3.000000000000000000e+00 9.800000000000000000e+01 -2.000000000000000000e+00 -8.250000000000000000e+00 -7.500000000000000000e-01 1.735777556896209717e-01 4.060479626059532166e-02 1.000000000000000000e+00 3.000000000000000000e+00 2.000000000000000000e+01 2.100000000000000000e+01 4.000000000000000000e+00 3.000000000000000000e+00 1.600000000000000000e+01 3.000000000000000000e+00
4.507177435098935092e+01 -2.390024581185839381e+01 -9.851305867586908349e-02 1.000000000000000000e+00 9.900000000000000000e+01 2.000000000000000000e+00 -9.000000000000000000e+00 -7.500000000000000000e-01 -6.279864907264709473e-02 2.726783603429794312e-02 1.000000000000000000e+00 3.000000000000000000e+00 2.000000000000000000e+01 2.000000000000000000e+01 0.000000000000000000e+00 1.000000000000000000e+00 1.600000000000000000e+01 3.000000000000000000e+00
4.590117003333104151e+01 -2.211359971561735449e+01 -9.970807810427492757e-02 1.000000000000000000e+00 1.000000000000000000e+02 -1.500000000000000000e+00 -9.000000000000000000e+00 -7.500000000000000000e-01 -8.994404226541519165e-02 3.547792881727218628e-02 1.000000000000000000e+00 3.000000000000000000e+00 2.000000000000000000e+01 2.100000000000000000e+01 4.000000000000000000e+00 3.000000000000000000e+00 1.600000000000000000e+01 3.000000000000000000e+00
5.253306174397599193e+01 4.181222084620388912e+00 -1.176795518498340160e-01 1.000000000000000000e+00 1.010000000000000000e+02 2.500000000000000000e+00 -8.750000000000000000e+00 -1.000000000000000000e+00 -2.265373468399047852e-01 -1.919170282781124115e-02 1.000000000000000000e+00 3.000000000000000000e+00 1.900000000000000000e+01 2.000000000000000000e+01 0.000000000000000000e+00 1.000000000000000000e+00 1.600000000000000000e+01 3.000000000000000000e+00
5.286416410004795807e+01 1.217686765076218869e+01 -1.232603234628936451e-01 1.000000000000000000e+00 1.020000000000000000e+02 1.350000000000000000e+01 -8.750000000000000000e+00 -1.000000000000000000e+00 -3.424785137176513672e-01 -7.427927851676940918e-02 1.000000000000000000e+00 3.000000000000000000e+00 1.900000000000000000e+01 1.900000000000000000e+01 0.000000000000000000e+00 1.000000000000000000e+00 1.600000000000000000e+01 3.000000000000000000e+00
5.344441268685287127e+01 1.096719381478355970e+01 -1.223725945815100913e-01 1.000000000000000000e+00 1.030000000000000000e+02 5.500000000000000000e+00 -8.750000000000000000e+00 -1.000000000000000000e+00 -3.247144520282745361e-01 -6.334593147039413452e-02 1.000000000000000000e+00 3.000000000000000000e+00 1.900000000000000000e+01 2.000000000000000000e+01 9.000000000000000000e+00 3.000000000000000000e+00 1.600000000000000000e+01 3.000000000000000000e+00
5.406727804321324982e+01 1.235717138717464181e+01 -1.233038392723125737e-01 1.000000000000000000e+00 1.040000000000000000e+02 5.500000000000000000e+00 -8.500000000000000000e+00 -1.000000000000000000e+00 -1.028304621577262878e-01 -2.220203168690204620e-02 1.000000000000000000e+00 3.000000000000000000e+00 1.900000000000000000e+01 2.000000000000000000e+01 1.100000000000000000e+01 3.000000000000000000e+00 1.600000000000000000e+01 3.000000000000000000e+00
5.489012109201033240e+01 1.374386973007613122e+01 -1.242190153824169613e-01 3.000000000000000000e+00 1.050000000000000000e+02 -2.500000000000000000e+00 -8.500000000000000000e+00 -1.000000000000000000e+00 -1.203536465764045715e-01 -2.835254184901714325e-02 1.000000000000000000e+00 3.000000000000000000e+00 2.000000000000000000e+01 2.100000000000000000e+01 1.100000000000000000e+01 3.000000000000000000e+00 1.600000000000000000e+01 3.000000000000000000e+00
5.662758867545556285e+01 9.914877237371726437e+00 -1.214159092339332086e-01 1.000000000000000000e+00 1.060000000000000000e+02 1.200000000000000000e+01 -8.750000000000000000e+00 -1.000000000000000000e+00 -3.033619225025177002e-01 -5.150537565350532532e-02 1.000000000000000000e+00 3.000000000000000000e+00 1.900000000000000000e+01 1.900000000000000000e+01 1.100000000000000000e+01 3.000000000000000000e+00 1.600000000000000000e+01 3.000000000000000000e+00
5.702098004675692522e+01 9.508375026817011744e+00 -1.211039323424086406e-01 1.000000000000000000e+00 1.070000000000000000e+02 1.300000000000000000e+01 -8.750000000000000000e+00 -1.000000000000000000e+00 -2.971093952655792236e-01 -4.829177632927894592e-02 1.000000000000000000e+00 3.000000000000000000e+00 1.900000000000000000e+01 1.900000000000000000e+01 0.000000000000000000e+00 1.000000000000000000e+00 1.600000000000000000e+01 3.000000000000000000e+00
5.841423707329175130e+01 9.085481811704488209e+00 -1.207116177221542186e-01 3.000000000000000000e+00 1.080000000000000000e+02 1.500000000000000000e+00 -8.750000000000000000e+00 -1.000000000000000000e+00 -2.888113260269165039e-01 -4.419688507914543152e-02 1.000000000000000000e+00 3.000000000000000000e+00 1.900000000000000000e+01 2.000000000000000000e+01 1.100000000000000000e+01 3.000000000000000000e+00 1.600000000000000000e+01 3.000000000000000000e+00
4.089201312501711527e+01 -4.703483644086749393e+01 -8.258751001353156762e-02 3.000000000000000000e+00 1.090000000000000000e+02 1.200000000000000000e+01 -9.500000000000000000e+00 -7.500000000000000000e-01 -1.086020171642303467e-01 1.017869114875793457e-01 1.000000000000000000e+00 3.000000000000000000e+00 2.100000000000000000e+01 2.100000000000000000e+01 1.600000000000000000e+01 1.000000000000000000e+00 1.700000000000000000e+01 3.000000000000000000e+00
4.313433123784317758e+01 -4.447124805314148688e+01 -8.422973882609761931e-02 1.000000000000000000e+00 1.100000000000000000e+02 9.000000000000000000e+00 -9.500000000000000000e+00 -7.500000000000000000e-01 -1.575607806444168091e-01 1.334381103515625000e-01 1.000000000000000000e+00 3.000000000000000000e+00 2.100000000000000000e+01 2.100000000000000000e+01 0.000000000000000000e+00 1.000000000000000000e+00 1.700000000000000000e+01 3.000000000000000000e+00
6.117780362965131502e+01 6.839882754591378067e+00 -1.189475409425930080e-01 1.000000000000000000e+00 1.110000000000000000e+02 1.450000000000000000e+01 -8.750000000000000000e+00 -1.000000000000000000e+00 -2.545189559459686279e-01 -2.922528609633445740e-02 1.000000000000000000e+00 3.000000000000000000e+00 1.900000000000000000e+01 2.000000000000000000e+01 0.000000000000000000e+00 1.000000000000000000e+00 1.600000000000000000e+01 3.000000000000000000e+00
6.255794698971390488e+01 -6.584539455211112724e+00 -1.094442954976024562e-01 0.000000000000000000e+00 1.120000000000000000e+02 3.500000000000000000e+00 -1.500000000000000000e+00 0.000000000000000000e+00 7.061305046081542969e+00 -5.516644716262817383e-01 1.000000000000000000e+00 3.000000000000000000e+00 1.900000000000000000e+01 1.900000000000000000e+01 0.000000000000000000e+00 1.000000000000000000e+00 1.600000000000000000e+01 3.000000000000000000e+00
6.281036925812819760e+01 8.813387521233018163e+00 -1.202182100872384862e-01 1.000000000000000000e+00 1.130000000000000000e+02 7.500000000000000000e+00 -8.750000000000000000e+00 -1.000000000000000000e+00 -2.778392136096954346e-01 -3.907113522291183472e-02 1.000000000000000000e+00 3.000000000000000000e+00 1.900000000000000000e+01 2.000000000000000000e+01 0.000000000000000000e+00 1.000000000000000000e+00 1.600000000000000000e+01 3.000000000000000000e+00
6.230879773144138056e+01 1.482241457604630774e+01 -1.244640417667663840e-01 3.000000000000000000e+00 1.140000000000000000e+02 -5.000000000000000000e-01 -8.500000000000000000e+00 -1.000000000000000000e+00 -1.134646907448768616e-01 -2.584653906524181366e-02 1.000000000000000000e+00 3.000000000000000000e+00 2.000000000000000000e+01 2.100000000000000000e+01 9.000000000000000000e+00 3.000000000000000000e+00 1.600000000000000000e+01 3.000000000000000000e+00
6.418395701963349609e+01 7.190656001411827702e+00 -1.189863697674479748e-01 1.000000000000000000e+00 1.150000000000000000e+02 -3.000000000000000000e+00 -8.750000000000000000e+00 -1.000000000000000000e+00 -2.552267313003540039e-01 -2.950392849743366241e-02 1.000000000000000000e+00 3.000000000000000000e+00 2.000000000000000000e+01 2.100000000000000000e+01 1.100000000000000000e+01 3.000000000000000000e+00 1.600000000000000000e+01 3.000000000000000000e+00
6.533462039426893853e+01 1.637302660434840362e+01 -1.253423966247550203e-01 1.000000000000000000e+00 1.160000000000000000e+02 1.150000000000000000e+01 -8.500000000000000000e+00 -1.000000000000000000e+00 -1.245777308940887451e-01 -2.994656935334205627e-02 1.000000000000000000e+00 3.000000000000000000e+00 1.900000000000000000e+01 2.000000000000000000e+01 0.000000000000000000e+00 1.000000000000000000e+00 1.600000000000000000e+01 3.000000000000000000e+00
6.794082517857516734e+01 4.528719804300464169e+00 -1.168621138610405757e-01 3.000000000000000000e+00 1.170000000000000000e+02 -3.500000000000000000e+00 -8.750000000000000000e+00 -1.000000000000000000e+00 -2.177290618419647217e-01 -1.641608029603958130e-02 1.000000000000000000e+00 3.000000000000000000e+00 2.000000000000000000e+01 2.200000000000000000e+01 9.000000000000000000e+00 3.000000000000000000e+00 1.600000000000000000e+01 3.000000000000000000e+00
6.667870943287357477e+01 -2.365437191869582989e+01 -9.719752673479112315e-02 3.000000000000000000e+00 1.180000000000000000e+02 7.500000000000000000e+00 -9.000000000000000000e+00 -1.000000000000000000e+00 -8.962355554103851318e-02 2.695895917713642120e-02 1.000000000000000000e+00 3.000000000000000000e+00 2.000000000000000000e+01 2.100000000000000000e+01 1.600000000000000000e+01 1.000000000000000000e+00 1.600000000000000000e+01 3.000000000000000000e+00
7.051424866719693796e+01 2.886318652258296424e+00 -1.155338681783479177e-01 3.000000000000000000e+00 1.190000000000000000e+02 -1.000000000000000000e+00 -8.750000000000000000e+00 -1.250000000000000000e+00 -2.088359743356704712e-01 -1.094920095056295395e-02 1.000000000000000000e+00 3.000000000000000000e+00 2.000000000000000000e+01 2.100000000000000000e+01 4.000000000000000000e+00 3.000000000000000000e+00 1.600000000000000000e+01 3.000000000000000000e+00
7.156984391710187765e+01 6.269470146739013039e+00 -1.178321870431004170e-01 3.000000000000000000e+00 1.200000000000000000e+02 3.500000000000000000e+00 -8.750000000000000000e+00 -1.250000000000000000e+00 -2.593608200550079346e-01 -2.456068620085716248e-02 1.000000000000000000e+00 3.000000000000000000e+00 2.000000000000000000e+01 2.100000000000000000e+01 0.000000000000000000e+00 1.000000000000000000e+00 1.600000000000000000e+01 3.000000000000000000e+00
7.106499418218207609e+01 1.207852430969185420e+01 -1.219380978839048335e-01 3.000000000000000000e+00 1.210000000000000000e+02 0.000000000000000000e+00 -8.750000000000000000e+00 -1.250000000000000000e+00 -3.439957201480865479e-01 -5.820792913436889648e-02 1.000000000000000000e+00 3.000000000000000000e+00 1.900000000000000000e+01 2.100000000000000000e+01 0.000000000000000000e+00 1.000000000000000000e+00 1.600000000000000000e+01 3.000000000000000000e+00
7.231073168973203735e+01 2.656841902172410119e+00 -1.152493391827393715e-01 3.000000000000000000e+00 1.220000000000000000e+02 0.000000000000000000e+00 -8.750000000000000000e+00 -1.250000000000000000e+00 -2.043734341859817505e-01 -9.963205084204673767e-03 1.000000000000000000e+00 3.000000000000000000e+00 1.900000000000000000e+01 2.100000000000000000e+01 0.000000000000000000e+00 1.000000000000000000e+00 1.600000000000000000e+01 3.000000000000000000e+00
6.553788068293705749e+01 -3.223682384605105966e+01 -9.126126239365452142e-02 3.000000000000000000e+00 1.230000000000000000e+02 -1.500000000000000000e+00 -9.000000000000000000e+00 -1.000000000000000000e+00 1.807237975299358368e-02 -7.615866605192422867e-03 1.000000000000000000e+00 3.000000000000000000e+00 2.100000000000000000e+01 2.200000000000000000e+01 4.000000000000000000e+00 3.000000000000000000e+00 1.600000000000000000e+01 3.000000000000000000e+00
7.411704934478187567e+01 3.027284304440856388e+00 -1.153845730368988909e-01 3.000000000000000000e+00 1.240000000000000000e+02 -3.500000000000000000e+00 -8.750000000000000000e+00 -1.250000000000000000e+00 -2.090020775794982910e-01 -1.098666153848171234e-02 1.000000000000000000e+00 3.000000000000000000e+00 2.000000000000000000e+01 2.100000000000000000e+01 1.100000000000000000e+01 3.000000000000000000e+00 1.600000000000000000e+01 3.000000000000000000e+00
