1.388836656097516276e-01 3.479674556044899614e+00 -4.273579953019555899e-02 1.000000000000000000e+00 0.000000000000000000e+00 -2.000000000000000000e+00 -8.500000000000000000e+00 0.000000000000000000e+00 -6.832559406757354736e-02 -9.197675436735153198e-02 1.000000000000000000e+00 3.000000000000000000e+00 1.900000000000000000e+01 1.900000000000000000e+01 1.000000000000000000e+01 3.000000000000000000e+00 1.800000000000000000e+01 3.000000000000000000e+00
7.347302916693023711e-01 2.875561121522489216e+00 -3.901912581870548014e-02 1.000000000000000000e+00 1.000000000000000000e+00 2.500000000000000000e+00 -8.500000000000000000e+00 0.000000000000000000e+00 -1.133044511079788208e-01 -1.026821583509445190e-01 1.000000000000000000e+00 3.000000000000000000e+00 1.900000000000000000e+01 1.900000000000000000e+01 0.000000000000000000e+00 1.000000000000000000e+00 1.700000000000000000e+01 3.000000000000000000e+00
9.333458331410207087e-01 2.674189897211467493e+00 -3.778023423595916475e-02 1.000000000000000000e+00 2.000000000000000000e+00 -1.500000000000000000e+00 -8.250000000000000000e+00 0.000000000000000000e+00 2.453966252505779266e-02 1.948737911880016327e-02 1.000000000000000000e+00 3.000000000000000000e+00 1.900000000000000000e+01 1.900000000000000000e+01 0.000000000000000000e+00 1.000000000000000000e+00 1.700000000000000000e+01 3.000000000000000000e+00
7.361097093938400171e-01 3.075554282798250494e+00 -3.988881298066313669e-02 1.000000000000000000e+00 3.000000000000000000e+00 2.000000000000000000e+00 -8.500000000000000000e+00 0.000000000000000000e+00 -1.054125502705574036e-01 -1.021183952689170837e-01 1.000000000000000000e+00 3.000000000000000000e+00 1.900000000000000000e+01 1.900000000000000000e+01 0.000000000000000000e+00 1.000000000000000000e+00 1.700000000000000000e+01 3.000000000000000000e+00
7.540421562567862779e-01 5.675467763489689510e+00 -5.119475645360140048e-02 4.000000000000000000e+00 4.000000000000000000e+00 -3.000000000000000000e+00 0.000000000000000000e+00 0.000000000000000000e+00 1.994300961494445801e+00 3.552348852157592773e+00 1.000000000000000000e+00 0.000000000000000000e+00 0.000000000000000000e+00 0.000000000000000000e+00 7.000000000000000000e+00 6.000000000000000000e+00 0.000000000000000000e+00 0.000000000000000000e+00
3.338802562235145377e+00 3.457629365336191363e+00 -3.682854626580820551e-02 1.000000000000000000e+00 5.000000000000000000e+00 -3.500000000000000000e+00 -8.500000000000000000e+00 -2.500000000000000000e-01 -2.690394222736358643e-01 -1.623513549566268921e-01 1.000000000000000000e+00 3.000000000000000000e+00 1.900000000000000000e+01 1.900000000000000000e+01 0.000000000000000000e+00 1.000000000000000000e+00 1.700000000000000000e+01 3.000000000000000000e+00
3.963616748407801982e+00 7.053376133817729432e+00 -5.137531998353550566e-02 3.000000000000000000e+00 6.000000000000000000e+00 -2.000000000000000000e+00 -8.250000000000000000e+00 -2.500000000000000000e-01 -1.018232554197311401e-01 -1.129601746797561646e-01 1.000000000000000000e+00 3.000000000000000000e+00 1.900000000000000000e+01 1.900000000000000000e+01 0.000000000000000000e+00 1.000000000000000000e+00 1.800000000000000000e+01 3.000000000000000000e+00
4.955314801273736691e+00 5.846527091040009338e+00 -4.431117638471976372e-02 1.000000000000000000e+00 7.000000000000000000e+00 1.500000000000000000e+00 -7.750000000000000000e+00 -2.500000000000000000e-01 2.083498090505599976e-01 1.661167293787002563e-01 1.000000000000000000e+00 3.000000000000000000e+00 1.900000000000000000e+01 1.900000000000000000e+01 0.000000000000000000e+00 1.000000000000000000e+00 1.700000000000000000e+01 3.000000000000000000e+00
4.861514307207809082e+00 -7.753020749887086005e+00 1.482760661284000803e-02 1.000000000000000000e+00 8.000000000000000000e+00 -3.500000000000000000e+00 -8.500000000000000000e+00 -2.500000000000000000e-01 -4.393838811665773392e-03 4.571966826915740967e-03 1.000000000000000000e+00 3.000000000000000000e+00 1.900000000000000000e+01 1.900000000000000000e+01 0.000000000000000000e+00 1.000000000000000000e+00 1.800000000000000000e+01 3.000000000000000000e+00
5.660114252732055817e+00 -7.958525683197590794e+00 1.717410850420531682e-02 1.000000000000000000e+00 9.000000000000000000e+00 -2.500000000000000000e+00 -8.500000000000000000e+00 -2.500000000000000000e-01 -1.345323026180267334e-02 1.296103838831186295e-02 1.000000000000000000e+00 3.000000000000000000e+00 1.900000000000000000e+01 1.900000000000000000e+01 0.000000000000000000e+00 1.000000000000000000e+00 1.700000000000000000e+01 3.000000000000000000e+00
8.060053782819872836e+00 -7.975059578692863305e+00 2.160454911268276657e-02 3.000000000000000000e+00 1.000000000000000000e+01 9.500000000000000000e+00 -8.500000000000000000e+00 -2.500000000000000000e-01 -4.720366001129150391e-02 3.518008813261985779e-02 1.000000000000000000e+00 3.000000000000000000e+00 1.900000000000000000e+01 1.900000000000000000e+01 0.000000000000000000e+00 1.000000000000000000e+00 1.700000000000000000e+01 3.000000000000000000e+00
9.458638372453561871e+00 -8.184697984234691859e+00 2.505866071604281181e-02 1.000000000000000000e+00 1.100000000000000000e+01 6.500000000000000000e+00 -8.500000000000000000e+00 -2.500000000000000000e-01 -6.095042452216148376e-02 4.114153981208801270e-02 1.000000000000000000e+00 3.000000000000000000e+00 1.900000000000000000e+01 1.900000000000000000e+01 0.000000000000000000e+00 1.000000000000000000e+00 1.700000000000000000e+01 3.000000000000000000e+00
1.125859278160690913e+01 -8.197098404213653211e+00 2.838149073227627661e-02 1.000000000000000000e+00 1.200000000000000000e+01 8.000000000000000000e+00 -8.500000000000000000e+00 -2.500000000000000000e-01 -8.024161309003829956e-02 4.709834232926368713e-02 1.000000000000000000e+00 3.000000000000000000e+00 1.900000000000000000e+01 1.900000000000000000e+01 0.000000000000000000e+00 1.000000000000000000e+00 1.600000000000000000e+01 3.000000000000000000e+00
1.285717209695752139e+01 -8.408114155916283750e+00 3.220480320605373370e-02 1.000000000000000000e+00 1.300000000000000000e+01 -5.000000000000000000e-01 -8.500000000000000000e+00 -2.500000000000000000e-01 -9.169770032167434692e-02 4.942148923873901367e-02 1.000000000000000000e+00 3.000000000000000000e+00 1.900000000000000000e+01 1.900000000000000000e+01 1.100000000000000000e+01 3.000000000000000000e+00 1.600000000000000000e+01 3.000000000000000000e+00
1.100482080660838591e+01 1.300495332368881485e+01 -6.454384731746495851e-02 3.000000000000000000e+00 1.400000000000000000e+01 -2.000000000000000000e+00 -8.750000000000000000e+00 -2.500000000000000000e-01 -3.571347594261169434e-01 -3.491392433643341064e-01 1.000000000000000000e+00 3.000000000000000000e+00 1.900000000000000000e+01 1.900000000000000000e+01 1.600000000000000000e+01 1.000000000000000000e+00 1.700000000000000000e+01 3.000000000000000000e+00
1.484884471561419694e+01 -9.621852320174541617e+00 4.111496328494378127e-02 1.000000000000000000e+00 1.500000000000000000e+01 6.500000000000000000e+00 -8.500000000000000000e+00 -2.500000000000000000e-01 -8.998316526412963867e-02 4.912873730063438416e-02 1.000000000000000000e+00 3.000000000000000000e+00 1.900000000000000000e+01 1.900000000000000000e+01 0.000000000000000000e+00 1.000000000000000000e+00 1.600000000000000000e+01 3.000000000000000000e+00
1.585847521205428912e+01 -8.228788359082130910e+00 3.687316548431901486e-02 1.000000000000000000e+00 1.600000000000000000e+01 3.000000000000000000e+00 -8.500000000000000000e+00 -2.500000000000000000e-01 -1.171294823288917542e-01 5.156244337558746338e-02 1.000000000000000000e+00 3.000000000000000000e+00 1.900000000000000000e+01 1.900000000000000000e+01 0.000000000000000000e+00 1.000000000000000000e+00 1.600000000000000000e+01 3.000000000000000000e+00
1.121999009081166321e+01 1.520350217545533233e+01 -7.374120968857648950e-02 2.000000000000000000e+00 1.700000000000000000e+01 -1.000000000000000000e+00 -1.025000000000000000e+01 0.000000000000000000e+00 -8.603762984275817871e-01 -9.679234027862548828e-01 1.000000000000000000e+00 2.000000000000000000e+00 1.900000000000000000e+01 1.900000000000000000e+01 1.600000000000000000e+01 1.000000000000000000e+00 1.800000000000000000e+01 3.000000000000000000e+00
1.696604446560029089e+01 7.363804357228582731e+00 -2.911648302023174539e-02 1.000000000000000000e+00 1.800000000000000000e+01 -3.500000000000000000e+00 -8.250000000000000000e+00 -2.500000000000000000e-01 -6.073008850216865540e-02 -2.347812801599502563e-02 1.000000000000000000e+00 3.000000000000000000e+00 1.900000000000000000e+01 1.900000000000000000e+01 0.000000000000000000e+00 1.000000000000000000e+00 1.600000000000000000e+01 3.000000000000000000e+00
1.644742498461487656e+01 -9.832868078447150495e+00 4.493827751921973535e-02 1.000000000000000000e+00 1.900000000000000000e+01 2.000000000000000000e+00 -8.750000000000000000e+00 -2.500000000000000000e-01 -2.970905005931854248e-01 1.516725122928619385e-01 1.000000000000000000e+00 3.000000000000000000e+00 1.900000000000000000e+01 1.900000000000000000e+01 0.000000000000000000e+00 1.000000000000000000e+00 1.600000000000000000e+01 3.000000000000000000e+00
1.705292778302507983e+01 -9.037027955217801889e+00 4.256713531663761096e-02 3.000000000000000000e+00 2.000000000000000000e+01 9.500000000000000000e+00 -7.750000000000000000e+00 -2.500000000000000000e-01 5.083691477775573730e-01 -2.308410853147506714e-01 1.000000000000000000e+00 3.000000000000000000e+00 2.000000000000000000e+01 2.000000000000000000e+01 1.000000000000000000e+01 3.000000000000000000e+00 1.600000000000000000e+01 3.000000000000000000e+00
1.847634191472198140e+01 -5.646786120046768609e+00 3.036686349027561960e-02 0.000000000000000000e+00 2.100000000000000000e+01 8.500000000000000000e+00 -6.500000000000000000e+00 0.000000000000000000e+00 1.643169283866882324e+00 -4.303539097309112549e-01 1.000000000000000000e+00 3.000000000000000000e+00 1.900000000000000000e+01 1.900000000000000000e+01 0.000000000000000000e+00 1.000000000000000000e+00 1.600000000000000000e+01 3.000000000000000000e+00
1.784876841298642702e+01 -9.642519684616148723e+00 4.665301272516672593e-02 1.000000000000000000e+00 2.200000000000000000e+01 -2.500000000000000000e+00 -8.500000000000000000e+00 -2.500000000000000000e-01 -1.103527396917343140e-01 5.138975754380226135e-02 1.000000000000000000e+00 3.000000000000000000e+00 2.000000000000000000e+01 2.000000000000000000e+01 1.100000000000000000e+01 3.000000000000000000e+00 1.600000000000000000e+01 3.000000000000000000e+00
1.906667110171831325e+01 -7.050873154957335132e+00 3.756229043671643897e-02 0.000000000000000000e+00 2.300000000000000000e+01 0.000000000000000000e+00 -6.500000000000000000e+00 0.000000000000000000e+00 1.591606140136718750e+00 -5.084297060966491699e-01 1.000000000000000000e+00 3.000000000000000000e+00 1.900000000000000000e+01 1.900000000000000000e+01 0.000000000000000000e+00 1.000000000000000000e+00 1.600000000000000000e+01 3.000000000000000000e+00
1.865426688747482586e+01 -8.848057390938889100e+00 4.465107522699825193e-02 1.000000000000000000e+00 2.400000000000000000e+01 -4.500000000000000000e+00 -8.500000000000000000e+00 -2.500000000000000000e-01 -1.252336055040359497e-01 5.139302834868431091e-02 1.000000000000000000e+00 3.000000000000000000e+00 2.000000000000000000e+01 1.900000000000000000e+01 4.000000000000000000e+00 3.000000000000000000e+00 1.600000000000000000e+01 3.000000000000000000e+00
1.422681087680657619e+01 1.618280061739253384e+01 -7.255159605814182067e-02 2.000000000000000000e+00 2.500000000000000000e+01 2.500000000000000000e+00 -9.500000000000000000e+00 -2.500000000000000000e-01 -7.379128932952880859e-01 -7.245770692825317383e-01 1.000000000000000000e+00 3.000000000000000000e+00 2.000000000000000000e+01 2.000000000000000000e+01 0.000000000000000000e+00 1.000000000000000000e+00 1.700000000000000000e+01 3.000000000000000000e+00
2.067766614010620074e+01 -5.461949031284168754e+00 3.355841399288025939e-02 0.000000000000000000e+00 2.600000000000000000e+01 -4.000000000000000000e+00 -6.500000000000000000e+00 0.000000000000000000e+00 1.669817328453063965e+00 -3.814668655395507812e-01 1.000000000000000000e+00 1.000000000000000000e+00 2.000000000000000000e+01 1.900000000000000000e+01 4.000000000000000000e+00 3.000000000000000000e+00 1.600000000000000000e+01 3.000000000000000000e+00
1.905149749030444184e+01 -9.250800313097251149e+00 4.712885958573939660e-02 1.000000000000000000e+00 2.700000000000000000e+01 -5.000000000000000000e+00 -8.500000000000000000e+00 -2.500000000000000000e-01 -1.222487986087799072e-01 5.150296539068222046e-02 1.000000000000000000e+00 3.000000000000000000e+00 2.000000000000000000e+01 1.900000000000000000e+01 1.100000000000000000e+01 3.000000000000000000e+00 1.600000000000000000e+01 3.000000000000000000e+00
1.965700028871464511e+01 -8.454960189867902542e+00 4.475771738315725834e-02 1.000000000000000000e+00 2.800000000000000000e+01 -2.500000000000000000e+00 -8.250000000000000000e+00 -5.000000000000000000e-01 1.659954935312271118e-01 -6.206136941909790039e-02 1.000000000000000000e+00 3.000000000000000000e+00 2.000000000000000000e+01 1.900000000000000000e+01 9.000000000000000000e+00 3.000000000000000000e+00 1.600000000000000000e+01 3.000000000000000000e+00
1.701018587225098955e+01 1.376359123990864575e+01 -5.694649708484969541e-02 1.000000000000000000e+00 2.900000000000000000e+01 3.500000000000000000e+00 -8.750000000000000000e+00 -2.500000000000000000e-01 -4.239679276943206787e-01 -3.037708401679992676e-01 1.000000000000000000e+00 3.000000000000000000e+00 1.900000000000000000e+01 1.900000000000000000e+01 0.000000000000000000e+00 1.000000000000000000e+00 1.700000000000000000e+01 3.000000000000000000e+00
1.985699405749272017e+01 -8.456338006280036623e+00 4.512691856657391476e-02 1.000000000000000000e+00 3.000000000000000000e+01 -2.000000000000000000e+00 -8.500000000000000000e+00 -5.000000000000000000e-01 -5.483405292034149170e-02 2.031797543168067932e-02 1.000000000000000000e+00 3.000000000000000000e+00 2.000000000000000000e+01 1.900000000000000000e+01 9.000000000000000000e+00 3.000000000000000000e+00 1.600000000000000000e+01 3.000000000000000000e+00
2.214660110275592331e+01 4.528073801485304806e+00 -7.341563207052842488e-03 3.000000000000000000e+00 3.100000000000000000e+01 -2.500000000000000000e+00 -8.250000000000000000e+00 -5.000000000000000000e-01 -7.236440479755401611e-02 -1.382571924477815628e-02 1.000000000000000000e+00 3.000000000000000000e+00 2.000000000000000000e+01 1.900000000000000000e+01 0.000000000000000000e+00 1.000000000000000000e+00 1.600000000000000000e+01 3.000000000000000000e+00
2.157420436262254171e+01 8.532074317087310789e+00 -2.584293362643193259e-02 1.000000000000000000e+00 3.200000000000000000e+01 -5.000000000000000000e+00 -8.250000000000000000e+00 -5.000000000000000000e-01 -1.371620893478393555e-01 -4.972125589847564697e-02 1.000000000000000000e+00 3.000000000000000000e+00 1.900000000000000000e+01 1.900000000000000000e+01 4.000000000000000000e+00 3.000000000000000000e+00 1.600000000000000000e+01 3.000000000000000000e+00
2.198660858015481523e+01 1.032925902989017253e+01 -3.293172049021149406e-02 1.000000000000000000e+00 3.300000000000000000e+01 -5.000000000000000000e-01 -8.250000000000000000e+00 -5.000000000000000000e-01 -1.577040106058120728e-01 -6.786443293094635010e-02 1.000000000000000000e+00 3.000000000000000000e+00 1.900000000000000000e+01 1.900000000000000000e+01 9.000000000000000000e+00 3.000000000000000000e+00 1.600000000000000000e+01 3.000000000000000000e+00
2.413965314078153668e+01 3.514329036913463877e+00 6.989086731306812239e-04 1.000000000000000000e+00 3.400000000000000000e+01 -2.000000000000000000e+00 -8.250000000000000000e+00 -5.000000000000000000e-01 -4.974372684955596924e-02 -6.919240113347768784e-03 1.000000000000000000e+00 3.000000000000000000e+00 1.900000000000000000e+01 1.900000000000000000e+01 0.000000000000000000e+00 1.000000000000000000e+00 1.600000000000000000e+01 3.000000000000000000e+00
1.798806965656430634e+01 -1.844360423944267069e+01 8.528848573168119895e-02 1.000000000000000000e+00 3.500000000000000000e+01 3.000000000000000000e+00 -8.500000000000000000e+00 -2.500000000000000000e-01 -2.363164722919464111e-02 2.099316194653511047e-02 1.000000000000000000e+00 3.000000000000000000e+00 1.900000000000000000e+01 1.900000000000000000e+01 0.000000000000000000e+00 1.000000000000000000e+00 1.700000000000000000e+01 3.000000000000000000e+00
2.259762905604075200e+01 1.192507275186518356e+01 -3.878161548761974858e-02 1.000000000000000000e+00 3.600000000000000000e+01 -3.500000000000000000e+00 -8.250000000000000000e+00 -5.000000000000000000e-01 -1.717704534530639648e-01 -8.313690871000289917e-02 1.000000000000000000e+00 3.000000000000000000e+00 2.000000000000000000e+01 2.000000000000000000e+01 4.000000000000000000e+00 3.000000000000000000e+00 1.600000000000000000e+01 3.000000000000000000e+00
2.456585154706995766e+01 7.311447031348518699e+00 -1.508675706746755857e-02 1.000000000000000000e+00 3.700000000000000000e+01 -2.000000000000000000e+00 -8.500000000000000000e+00 -5.000000000000000000e-01 -3.393766283988952637e-01 -9.427128732204437256e-02 1.000000000000000000e+00 3.000000000000000000e+00 1.900000000000000000e+01 1.900000000000000000e+01 0.000000000000000000e+00 1.000000000000000000e+00 1.600000000000000000e+01 3.000000000000000000e+00
2.612304924322461019e+01 1.100630474536714587e+00 1.482719794425991361e-02 0.000000000000000000e+00 3.800000000000000000e+01 1.500000000000000000e+01 -3.750000000000000000e+00 0.000000000000000000e+00 4.506505489349365234e+00 2.048411369323730469e-01 1.000000000000000000e+00 3.000000000000000000e+00 1.900000000000000000e+01 1.900000000000000000e+01 0.000000000000000000e+00 1.000000000000000000e+00 1.600000000000000000e+01 3.000000000000000000e+00
2.653407404138795300e+01 2.697821787653161163e+00 8.608099279186876007e-03 0.000000000000000000e+00 3.900000000000000000e+01 1.450000000000000000e+01 -3.750000000000000000e+00 0.000000000000000000e+00 4.472850322723388672e+00 4.472850561141967773e-01 1.000000000000000000e+00 1.000000000000000000e+00 1.900000000000000000e+01 1.900000000000000000e+01 0.000000000000000000e+00 1.000000000000000000e+00 1.600000000000000000e+01 3.000000000000000000e+00
2.713130032358455779e+01 2.293701512764017458e+00 1.145508626884392256e-02 0.000000000000000000e+00 4.000000000000000000e+01 1.150000000000000000e+01 -3.750000000000000000e+00 0.000000000000000000e+00 4.485083103179931641e+00 3.788076937198638916e-01 1.000000000000000000e+00 1.000000000000000000e+00 1.900000000000000000e+01 1.900000000000000000e+01 1.100000000000000000e+01 3.000000000000000000e+00 1.600000000000000000e+01 3.000000000000000000e+00
2.616994949354636546e+01 7.900404871821570474e+00 -1.474219562801772770e-02 1.000000000000000000e+00 4.100000000000000000e+01 2.500000000000000000e+00 -8.250000000000000000e+00 -5.000000000000000000e-01 -1.093371361494064331e-01 -3.096611425280570984e-02 1.000000000000000000e+00 3.000000000000000000e+00 1.900000000000000000e+01 1.900000000000000000e+01 9.000000000000000000e+00 3.000000000000000000e+00 1.600000000000000000e+01 3.000000000000000000e+00
2.539203939985904768e+01 1.110580961823000301e+01 -3.013401795698435887e-02 3.000000000000000000e+00 4.200000000000000000e+01 7.500000000000000000e+00 -8.250000000000000000e+00 -5.000000000000000000e-01 -1.508311480283737183e-01 -6.130906939506530762e-02 1.000000000000000000e+00 3.000000000000000000e+00 1.900000000000000000e+01 1.900000000000000000e+01 0.000000000000000000e+00 1.000000000000000000e+00 1.600000000000000000e+01 3.000000000000000000e+00
2.697268721870798558e+01 8.294879902444646902e+00 -1.500475817627238556e-02 3.000000000000000000e+00 4.300000000000000000e+01 -4.500000000000000000e+00 -8.250000000000000000e+00 -5.000000000000000000e-01 -1.115426793694496155e-01 -3.224873170256614685e-02 1.000000000000000000e+00 3.000000000000000000e+00 1.900000000000000000e+01 1.900000000000000000e+01 1.100000000000000000e+01 3.000000000000000000e+00 1.600000000000000000e+01 3.000000000000000000e+00
2.835195994375418849e+01 5.285334854935618054e+00 6.249840619835730915e-04 1.000000000000000000e+00 4.400000000000000000e+01 1.500000000000000000e+01 -8.500000000000000000e+00 -5.000000000000000000e-01 -3.093034625053405762e-01 -5.523276329040527344e-02 1.000000000000000000e+00 3.000000000000000000e+00 1.900000000000000000e+01 1.900000000000000000e+01 0.000000000000000000e+00 1.000000000000000000e+00 1.600000000000000000e+01 3.000000000000000000e+00
2.932572554811278209e+01 1.478572093055804393e+00 1.899507217048645308e-02 0.000000000000000000e+00 4.500000000000000000e+01 -4.000000000000000000e+00 -3.750000000000000000e+00 0.000000000000000000e+00 4.503205299377441406e+00 2.407374083995819092e-01 1.000000000000000000e+00 1.000000000000000000e+00 1.900000000000000000e+01 1.900000000000000000e+01 4.000000000000000000e+00 3.000000000000000000e+00 1.600000000000000000e+01 3.000000000000000000e+00
2.744714520831304227e+01 -9.908648414733045584e+00 6.524445880003718057e-02 1.000000000000000000e+00 4.600000000000000000e+01 4.000000000000000000e+00 -8.500000000000000000e+00 -5.000000000000000000e-01 -7.644573599100112915e-02 2.471745386719703674e-02 1.000000000000000000e+00 3.000000000000000000e+00 1.900000000000000000e+01 1.900000000000000000e+01 1.100000000000000000e+01 3.000000000000000000e+00 1.600000000000000000e+01 3.000000000000000000e+00
2.915056132304231440e+01 5.079830388591453527e+00 2.971486520598885794e-03 1.000000000000000000e+00 4.700000000000000000e+01 0.000000000000000000e+00 -8.250000000000000000e+00 -5.000000000000000000e-01 -6.233870238065719604e-02 -1.045554131269454956e-02 1.000000000000000000e+00 3.000000000000000000e+00 1.900000000000000000e+01 1.900000000000000000e+01 1.100000000000000000e+01 3.000000000000000000e+00 1.600000000000000000e+01 3.000000000000000000e+00
2.357689225150102175e+01 -2.008213051985298492e+01 1.025836843139489862e-01 1.000000000000000000e+00 4.800000000000000000e+01 3.500000000000000000e+00 -8.500000000000000000e+00 -5.000000000000000000e-01 7.582401484251022339e-02 -5.759151652455329895e-02 1.000000000000000000e+00 3.000000000000000000e+00 1.900000000000000000e+01 1.900000000000000000e+01 0.000000000000000000e+00 1.000000000000000000e+00 1.700000000000000000e+01 3.000000000000000000e+00
3.016984584940921010e+01 7.872848399039383160e+00 -7.358133228717485264e-03 1.000000000000000000e+00 4.900000000000000000e+01 1.550000000000000000e+01 -8.500000000000000000e+00 -5.000000000000000000e-01 -3.313956260681152344e-01 -8.234063535928726196e-02 1.000000000000000000e+00 3.000000000000000000e+00 1.900000000000000000e+01 1.900000000000000000e+01 0.000000000000000000e+00 1.000000000000000000e+00 1.600000000000000000e+01 3.000000000000000000e+00
2.781818884667347191e+01 1.488914959497468438e+01 -4.222764825318583992e-02 3.000000000000000000e+00 5.000000000000000000e+01 -3.500000000000000000e+00 -8.250000000000000000e+00 -5.000000000000000000e-01 -1.755932569503784180e-01 -8.779662102460861206e-02 1.000000000000000000e+00 3.000000000000000000e+00 2.000000000000000000e+01 2.000000000000000000e+01 9.000000000000000000e+00 3.000000000000000000e+00 1.600000000000000000e+01 3.000000000000000000e+00
3.266356673919456455e+01 -7.544552009093446365e+00 6.440749166733955589e-02 0.000000000000000000e+00 5.100000000000000000e+01 1.400000000000000000e+01 -4.250000000000000000e+00 0.000000000000000000e+00 3.842385768890380859e+00 -7.968584299087524414e-01 1.000000000000000000e+00 3.000000000000000000e+00 1.900000000000000000e+01 1.900000000000000000e+01 0.000000000000000000e+00 1.000000000000000000e+00 1.600000000000000000e+01 3.000000000000000000e+00
3.163462437487820367e+01 -1.173752308897436514e+01 8.082492217635800502e-02 0.000000000000000000e+00 5.200000000000000000e+01 1.500000000000000000e+00 -4.000000000000000000e+00 0.000000000000000000e+00 3.821396112442016602e+00 -1.284972429275512695e+00 1.000000000000000000e+00 2.000000000000000000e+00 1.900000000000000000e+01 1.900000000000000000e+01 0.000000000000000000e+00 1.000000000000000000e+00 1.600000000000000000e+01 3.000000000000000000e+00
3.040430691675910779e+01 -1.612910950057895576e+01 9.774283514292042563e-02 0.000000000000000000e+00 5.300000000000000000e+01 5.500000000000000000e+00 -4.000000000000000000e+00 0.000000000000000000e+00 3.448262929916381836e+00 -1.661435723304748535e+00 1.000000000000000000e+00 1.000000000000000000e+00 1.900000000000000000e+01 1.900000000000000000e+01 0.000000000000000000e+00 1.000000000000000000e+00 1.600000000000000000e+01 3.000000000000000000e+00
3.446489961571118243e+01 -7.356958784405358998e+00 6.686063068761911865e-02 0.000000000000000000e+00 5.400000000000000000e+01 1.400000000000000000e+01 -4.250000000000000000e+00 0.000000000000000000e+00 3.865796327590942383e+00 -7.418149113655090332e-01 1.000000000000000000e+00 3.000000000000000000e+00 1.900000000000000000e+01 1.900000000000000000e+01 1.100000000000000000e+01 3.000000000000000000e+00 1.600000000000000000e+01 3.000000000000000000e+00
3.546073592503952199e+01 -7.963827866534487043e+00 7.131571072706414938e-02 0.000000000000000000e+00 5.500000000000000000e+01 2.850000000000000000e+01 -4.250000000000000000e+00 0.000000000000000000e+00 3.849728822708129883e+00 -7.800765633583068848e-01 1.000000000000000000e+00 3.000000000000000000e+00 1.900000000000000000e+01 1.900000000000000000e+01 0.000000000000000000e+00 1.000000000000000000e+00 1.600000000000000000e+01 3.000000000000000000e+00
3.688691080277440904e+01 -4.173599245130579227e+00 5.737606602428610425e-02 0.000000000000000000e+00 5.600000000000000000e+01 2.050000000000000000e+01 2.500000000000000000e+00 0.000000000000000000e+00 1.065673255920410156e+01 -1.054854273796081543e+00 1.000000000000000000e+00 3.000000000000000000e+00 1.900000000000000000e+01 1.900000000000000000e+01 0.000000000000000000e+00 1.000000000000000000e+00 1.600000000000000000e+01 3.000000000000000000e+00
3.675864491743678997e+01 6.227432984008574479e+00 1.178308535462162937e-02 1.000000000000000000e+00 5.700000000000000000e+01 1.450000000000000000e+01 -8.500000000000000000e+00 -5.000000000000000000e-01 -3.048211932182312012e-01 -5.054432898759841919e-02 1.000000000000000000e+00 3.000000000000000000e+00 1.900000000000000000e+01 1.900000000000000000e+01 0.000000000000000000e+00 1.000000000000000000e+00 1.600000000000000000e+01 3.000000000000000000e+00
3.705793486243795343e+01 -8.374837726585518283e+00 7.600871274929625609e-02 0.000000000000000000e+00 5.800000000000000000e+01 1.200000000000000000e+01 -4.250000000000000000e+00 0.000000000000000000e+00 3.846790075302124023e+00 -7.868434786796569824e-01 1.000000000000000000e+00 3.000000000000000000e+00 1.900000000000000000e+01 1.900000000000000000e+01 1.100000000000000000e+01 3.000000000000000000e+00 1.600000000000000000e+01 3.000000000000000000e+00
3.398352254216487012e+01 -1.915381060746118891e+01 1.174338115247416658e-01 3.000000000000000000e+00 5.900000000000000000e+01 -2.000000000000000000e+00 -8.500000000000000000e+00 -5.000000000000000000e-01 4.620434250682592392e-03 -2.385962288826704025e-03 1.000000000000000000e+00 3.000000000000000000e+00 2.000000000000000000e+01 2.000000000000000000e+01 4.000000000000000000e+00 3.000000000000000000e+00 1.600000000000000000e+01 3.000000000000000000e+00
3.297113319712053681e+01 -2.094686279839035592e+01 1.234149919432727394e-01 3.000000000000000000e+00 6.000000000000000000e+01 1.000000000000000000e+00 -8.500000000000000000e+00 -5.000000000000000000e-01 2.711519040167331696e-02 -1.576641760766506195e-02 1.000000000000000000e+00 3.000000000000000000e+00 1.900000000000000000e+01 2.000000000000000000e+01 0.000000000000000000e+00 1.000000000000000000e+00 1.700000000000000000e+01 3.000000000000000000e+00
3.968132114988149794e+01 -4.992861901944451120e+00 6.602366148142374547e-02 0.000000000000000000e+00 6.100000000000000000e+01 -4.500000000000000000e+00 2.750000000000000000e+00 0.000000000000000000e+00 1.087584018707275391e+01 -1.211290240287780762e+00 1.000000000000000000e+00 3.000000000000000000e+00 1.900000000000000000e+01 1.900000000000000000e+01 4.000000000000000000e+00 3.000000000000000000e+00 1.600000000000000000e+01 3.000000000000000000e+00
4.131852324199031301e+01 3.959358156652865723e-01 4.549571014734919705e-02 1.000000000000000000e+00 6.200000000000000000e+01 6.500000000000000000e+00 -8.500000000000000000e+00 -7.500000000000000000e-01 -2.470599412918090820e-01 -3.948446828871965408e-03 1.000000000000000000e+00 3.000000000000000000e+00 1.900000000000000000e+01 1.900000000000000000e+01 0.000000000000000000e+00 1.000000000000000000e+00 1.600000000000000000e+01 3.000000000000000000e+00
3.597105689449276156e+01 -2.096753016283196303e+01 1.289530413834956979e-01 3.000000000000000000e+00 6.300000000000000000e+01 0.000000000000000000e+00 -8.750000000000000000e+00 -5.000000000000000000e-01 -1.823978126049041748e-01 9.781438112258911133e-02 1.000000000000000000e+00 3.000000000000000000e+00 2.000000000000000000e+01 2.000000000000000000e+01 4.000000000000000000e+00 3.000000000000000000e+00 1.700000000000000000e+01 3.000000000000000000e+00
3.596140096384341689e+01 -2.236748324540490884e+01 1.350408556641947699e-01 1.000000000000000000e+00 6.400000000000000000e+01 -3.000000000000000000e+00 -8.500000000000000000e+00 -5.000000000000000000e-01 2.418278716504573822e-02 -1.384558714926242828e-02 1.000000000000000000e+00 3.000000000000000000e+00 2.000000000000000000e+01 2.000000000000000000e+01 9.000000000000000000e+00 3.000000000000000000e+00 1.700000000000000000e+01 3.000000000000000000e+00
4.330053992629775905e+01 -2.217755967589887689e+00 6.049368683962330628e-02 1.000000000000000000e+00 6.500000000000000000e+01 4.500000000000000000e+00 -8.500000000000000000e+00 -7.500000000000000000e-01 -2.055273503065109253e-01 8.526243269443511963e-03 1.000000000000000000e+00 3.000000000000000000e+00 1.900000000000000000e+01 1.900000000000000000e+01 0.000000000000000000e+00 1.000000000000000000e+00 1.600000000000000000e+01 3.000000000000000000e+00
4.239574527147527760e+01 1.158867403688817710e+01 -1.360799281593997462e-03 3.000000000000000000e+00 6.600000000000000000e+01 1.500000000000000000e+00 -8.250000000000000000e+00 -7.500000000000000000e-01 -1.646677106618881226e-01 -4.373986274003982544e-02 1.000000000000000000e+00 3.000000000000000000e+00 1.900000000000000000e+01 2.000000000000000000e+01 1.600000000000000000e+01 1.000000000000000000e+00 1.600000000000000000e+01 3.000000000000000000e+00
4.409362171998782998e+01 -3.223234138745084021e+00 6.631893909044216107e-02 3.000000000000000000e+00 6.700000000000000000e+01 8.000000000000000000e+00 -8.500000000000000000e+00 -7.500000000000000000e-01 -1.902545988559722900e-01 1.183987967669963837e-02 1.000000000000000000e+00 3.000000000000000000e+00 2.000000000000000000e+01 2.100000000000000000e+01 1.100000000000000000e+01 3.000000000000000000e+00 1.600000000000000000e+01 3.000000000000000000e+00
4.342052929788837190e+01 -1.381874823723155288e+01 1.113047951464036234e-01 3.000000000000000000e+00 6.800000000000000000e+01 -3.500000000000000000e+00 -8.500000000000000000e+00 -7.500000000000000000e-01 -2.304562367498874664e-02 6.763389799743890762e-03 1.000000000000000000e+00 3.000000000000000000e+00 1.900000000000000000e+01 2.000000000000000000e+01 4.000000000000000000e+00 3.000000000000000000e+00 1.600000000000000000e+01 3.000000000000000000e+00
4.381088480412507380e+01 1.377895689126468604e+01 -8.342944615213055554e-03 3.000000000000000000e+00 6.900000000000000000e+01 -2.500000000000000000e+00 -8.250000000000000000e+00 -7.500000000000000000e-01 -1.872431188821792603e-01 -5.714562907814979553e-02 1.000000000000000000e+00 3.000000000000000000e+00 2.000000000000000000e+01 2.000000000000000000e+01 4.000000000000000000e+00 3.000000000000000000e+00 1.600000000000000000e+01 3.000000000000000000e+00
4.238606925609627041e+01 -1.881169291585813141e+01 1.312009784502481957e-01 1.000000000000000000e+00 7.000000000000000000e+01 4.000000000000000000e+00 -8.750000000000000000e+00 -7.500000000000000000e-01 -1.630506962537765503e-01 6.703195720911026001e-02 1.000000000000000000e+00 3.000000000000000000e+00 1.900000000000000000e+01 1.900000000000000000e+01 0.000000000000000000e+00 1.000000000000000000e+00 1.600000000000000000e+01 3.000000000000000000e+00
4.318466872150669644e+01 -1.901719832270495658e+01 1.335474815348619837e-01 1.000000000000000000e+00 7.100000000000000000e+01 3.000000000000000000e+00 -8.750000000000000000e+00 -7.500000000000000000e-01 -1.651045382022857666e-01 6.741168349981307983e-02 1.000000000000000000e+00 3.000000000000000000e+00 1.900000000000000000e+01 2.000000000000000000e+01 1.100000000000000000e+01 3.000000000000000000e+00 1.600000000000000000e+01 3.000000000000000000e+00
4.542323726491893154e+01 -1.343254015764110143e+01 1.132574537826369632e-01 3.000000000000000000e+00 7.200000000000000000e+01 3.500000000000000000e+00 -8.500000000000000000e+00 -7.500000000000000000e-01 -3.702886030077934265e-02 1.010579336434602737e-02 1.000000000000000000e+00 3.000000000000000000e+00 1.900000000000000000e+01 2.000000000000000000e+01 0.000000000000000000e+00 1.000000000000000000e+00 1.600000000000000000e+01 3.000000000000000000e+00
4.774870920719681777e+01 4.751699088328424914e+00 3.817708298963591595e-02 1.000000000000000000e+00 7.300000000000000000e+01 1.900000000000000000e+01 -8.500000000000000000e+00 -7.500000000000000000e-01 -3.054131865501403809e-01 -3.102803044021129608e-02 1.000000000000000000e+00 3.000000000000000000e+00 1.900000000000000000e+01 1.900000000000000000e+01 0.000000000000000000e+00 1.000000000000000000e+00 1.600000000000000000e+01 3.000000000000000000e+00
4.479152741073230004e+01 -1.802825417282033982e+01 1.321526721713935371e-01 3.000000000000000000e+00 7.400000000000000000e+01 1.000000000000000000e+00 -8.750000000000000000e+00 -7.500000000000000000e-01 -1.910233348608016968e-01 7.133149355649948120e-02 1.000000000000000000e+00 3.000000000000000000e+00 2.100000000000000000e+01 2.100000000000000000e+01 1.100000000000000000e+01 3.000000000000000000e+00 1.600000000000000000e+01 3.000000000000000000e+00
4.892522932637147193e+01 1.343545296269352596e+00 5.517699940513939860e-02 1.000000000000000000e+00 7.500000000000000000e+01 -1.000000000000000000e+00 -7.500000000000000000e+00 -7.500000000000000000e-01 7.398014664649963379e-01 2.446814067661762238e-02 1.000000000000000000e+00 3.000000000000000000e+00 1.900000000000000000e+01 1.900000000000000000e+01 4.000000000000000000e+00 3.000000000000000000e+00 1.600000000000000000e+01 3.000000000000000000e+00
4.844385224789196798e+01 -1.045330724201843964e+01 1.057501833525085755e-01 0.000000000000000000e+00 7.600000000000000000e+01 -1.500000000000000000e+00 -3.250000000000000000e+00 0.000000000000000000e+00 4.818948268890380859e+00 -9.543407559394836426e-01 1.000000000000000000e+00 3.000000000000000000e+00 1.900000000000000000e+01 2.000000000000000000e+01 4.000000000000000000e+00 3.000000000000000000e+00 1.600000000000000000e+01 3.000000000000000000e+00
4.664529830142046052e+01 1.875950115648228333e+01 -2.491629966332264273e-02 3.000000000000000000e+00 7.700000000000000000e+01 -1.000000000000000000e+00 -8.250000000000000000e+00 -7.500000000000000000e-01 -2.303945869207382202e-01 -8.980686962604522705e-02 1.000000000000000000e+00 3.000000000000000000e+00 2.000000000000000000e+01 2.000000000000000000e+01 4.000000000000000000e+00 3.000000000000000000e+00 1.600000000000000000e+01 3.000000000000000000e+00
5.004381002731705763e+01 -1.046432982587533189e+01 1.087038069038298860e-01 0.000000000000000000e+00 7.800000000000000000e+01 -1.000000000000000000e+00 -3.250000000000000000e+00 0.000000000000000000e+00 4.830056667327880859e+00 -9.274443387985229492e-01 1.000000000000000000e+00 3.000000000000000000e+00 2.000000000000000000e+01 2.000000000000000000e+01 4.000000000000000000e+00 3.000000000000000000e+00 1.600000000000000000e+01 3.000000000000000000e+00
4.535288690176926707e+01 -2.363219996548847845e+01 1.576115363654368440e-01 1.000000000000000000e+00 7.900000000000000000e+01 5.000000000000000000e+00 -8.750000000000000000e+00 -7.500000000000000000e-01 -1.111018732190132141e-01 5.393069609999656677e-02 1.000000000000000000e+00 3.000000000000000000e+00 1.900000000000000000e+01 1.900000000000000000e+01 0.000000000000000000e+00 1.000000000000000000e+00 1.600000000000000000e+01 3.000000000000000000e+00
3.725928986493344297e+01 -3.717663721867782556e+01 2.019821978898908577e-01 3.000000000000000000e+00 8.000000000000000000e+01 -2.000000000000000000e+00 -9.250000000000000000e+00 -7.500000000000000000e-01 -1.748218536376953125e-01 1.612731665372848511e-01 1.000000000000000000e+00 3.000000000000000000e+00 1.900000000000000000e+01 1.900000000000000000e+01 4.000000000000000000e+00 3.000000000000000000e+00 1.700000000000000000e+01 3.000000000000000000e+00
5.179274888029927837e+01 1.112392996190765082e+01 1.773113277181747466e-02 0.000000000000000000e+00 8.100000000000000000e+01 -4.500000000000000000e+00 -3.750000000000000000e+00 0.000000000000000000e+00 4.326433181762695312e+00 9.179700613021850586e-01 1.000000000000000000e+00 3.000000000000000000e+00 2.000000000000000000e+01 2.000000000000000000e+01 4.000000000000000000e+00 3.000000000000000000e+00 1.600000000000000000e+01 3.000000000000000000e+00
5.236238487439467804e+01 6.719942660072771190e+00 3.797187606761259770e-02 3.000000000000000000e+00 8.200000000000000000e+01 2.000000000000000000e+00 -8.250000000000000000e+00 -7.500000000000000000e-01 -7.733914256095886230e-02 -1.002021785825490952e-02 1.000000000000000000e+00 3.000000000000000000e+00 1.900000000000000000e+01 2.000000000000000000e+01 9.000000000000000000e+00 3.000000000000000000e+00 1.600000000000000000e+01 3.000000000000000000e+00
5.358856407605137662e+01 1.051154911102876888e+01 2.366302666042089525e-02 1.000000000000000000e+00 8.300000000000000000e+01 1.850000000000000000e+01 -8.250000000000000000e+00 -7.500000000000000000e-01 -1.207684203982353210e-01 -2.350671030580997467e-02 1.000000000000000000e+00 3.000000000000000000e+00 1.900000000000000000e+01 2.000000000000000000e+01 0.000000000000000000e+00 1.000000000000000000e+00 1.600000000000000000e+01 3.000000000000000000e+00
5.495266510027261830e+01 5.302077369061175993e+00 4.885933949519905006e-02 3.000000000000000000e+00 8.400000000000000000e+01 -1.500000000000000000e+00 -8.500000000000000000e+00 -1.000000000000000000e+00 -3.285070359706878662e-01 -3.262177854776382446e-02 1.000000000000000000e+00 3.000000000000000000e+00 2.000000000000000000e+01 2.100000000000000000e+01 4.000000000000000000e+00 3.000000000000000000e+00 1.600000000000000000e+01 3.000000000000000000e+00
5.479543141312058196e+01 1.150324892001756716e+01 2.152980788812509233e-02 1.000000000000000000e+00 8.500000000000000000e+01 5.500000000000000000e+00 -8.250000000000000000e+00 -7.500000000000000000e-01 -1.293608248233795166e-01 -2.691247873008251190e-02 1.000000000000000000e+00 3.000000000000000000e+00 1.900000000000000000e+01 1.900000000000000000e+01 0.000000000000000000e+00 1.000000000000000000e+00 1.600000000000000000e+01 3.000000000000000000e+00
5.577885295306170121e+01 9.096439955942662081e+00 3.381207860568226364e-02 1.000000000000000000e+00 8.600000000000000000e+01 7.500000000000000000e+00 -8.250000000000000000e+00 -1.000000000000000000e+00 -1.398804634809494019e-01 -2.283272147178649902e-02 1.000000000000000000e+00 3.000000000000000000e+00 1.900000000000000000e+01 2.000000000000000000e+01 0.000000000000000000e+00 1.000000000000000000e+00 1.600000000000000000e+01 3.000000000000000000e+00
5.757880640856499355e+01 9.084039542533679068e+00 3.713490686141722452e-02 1.000000000000000000e+00 8.700000000000000000e+01 1.850000000000000000e+01 -8.250000000000000000e+00 -1.000000000000000000e+00 -1.354723721742630005e-01 -2.144979313015937805e-02 1.000000000000000000e+00 3.000000000000000000e+00 1.900000000000000000e+01 1.900000000000000000e+01 0.000000000000000000e+00 1.000000000000000000e+00 1.600000000000000000e+01 3.000000000000000000e+00
5.858291923410693869e+01 9.677130858523044665e+00 3.637185770862307044e-02 3.000000000000000000e+00 8.800000000000000000e+01 -3.500000000000000000e+00 -8.000000000000000000e+00 -1.000000000000000000e+00 1.013461947441101074e-01 1.678027212619781494e-02 1.000000000000000000e+00 3.000000000000000000e+00 2.000000000000000000e+01 2.100000000000000000e+01 9.000000000000000000e+00 3.000000000000000000e+00 1.600000000000000000e+01 3.000000000000000000e+00
5.938151869951735762e+01 9.471625451676219498e+00 3.871836079323688617e-02 3.000000000000000000e+00 8.900000000000000000e+01 5.500000000000000000e+00 -8.250000000000000000e+00 -1.000000000000000000e+00 -1.371496766805648804e-01 -2.197058126330375671e-02 1.000000000000000000e+00 3.000000000000000000e+00 1.900000000000000000e+01 1.900000000000000000e+01 9.000000000000000000e+00 3.000000000000000000e+00 1.600000000000000000e+01 3.000000000000000000e+00
6.236351376791566281e+01 6.851045057084568235e+00 5.556235867489435487e-02 1.000000000000000000e+00 9.000000000000000000e+01 7.500000000000000000e+00 -8.250000000000000000e+00 -1.000000000000000000e+00 -9.348004311323165894e-02 -1.053093094378709793e-02 1.000000000000000000e+00 3.000000000000000000e+00 1.900000000000000000e+01 2.000000000000000000e+01 1.100000000000000000e+01 3.000000000000000000e+00 1.600000000000000000e+01 3.000000000000000000e+00
6.276763574733398343e+01 7.448269411188807254e+00 5.369169044036292693e-02 1.000000000000000000e+00 9.100000000000000000e+01 1.100000000000000000e+01 -8.250000000000000000e+00 -1.000000000000000000e+00 -1.014132499694824219e-01 -1.228780299425125122e-02 1.000000000000000000e+00 3.000000000000000000e+00 1.900000000000000000e+01 2.000000000000000000e+01 0.000000000000000000e+00 1.000000000000000000e+00 1.600000000000000000e+01 3.000000000000000000e+00
6.185042632065770363e+01 1.945475917610511374e+01 -3.356034476189179161e-04 3.000000000000000000e+00 9.200000000000000000e+01 -4.000000000000000000e+00 -8.250000000000000000e+00 -1.000000000000000000e+00 -2.605678141117095947e-01 -8.076790720224380493e-02 1.000000000000000000e+00 3.000000000000000000e+00 2.000000000000000000e+01 2.100000000000000000e+01 9.000000000000000000e+00 3.000000000000000000e+00 1.600000000000000000e+01 3.000000000000000000e+00
6.747509563846834624e+01 -5.984353072593028955e+00 1.208216710139169703e-01 0.000000000000000000e+00 9.300000000000000000e+01 8.000000000000000000e+00 -5.000000000000000000e-01 0.000000000000000000e+00 7.714183807373046875e+00 -6.061145067214965820e-01 1.000000000000000000e+00 3.000000000000000000e+00 1.900000000000000000e+01 2.000000000000000000e+01 0.000000000000000000e+00 1.000000000000000000e+00 1.600000000000000000e+01 3.000000000000000000e+00
6.563653853194217902e+01 1.742864697341230240e+01 1.537614472382625025e-02 1.000000000000000000e+00 9.400000000000000000e+01 3.500000000000000000e+00 -8.250000000000000000e+00 -1.000000000000000000e+00 -2.248030900955200195e-01 -5.917610973119735718e-02 1.000000000000000000e+00 3.000000000000000000e+00 2.000000000000000000e+01 2.100000000000000000e+01 0.000000000000000000e+00 1.000000000000000000e+00 1.600000000000000000e+01 3.000000000000000000e+00
6.854817941272420967e+01 4.608405366789259716e+00 7.657422436678283650e-02 1.000000000000000000e+00 9.500000000000000000e+01 -1.500000000000000000e+00 -8.500000000000000000e+00 -1.000000000000000000e+00 -3.035955727100372314e-01 -2.180757001042366028e-02 1.000000000000000000e+00 3.000000000000000000e+00 2.000000000000000000e+01 2.100000000000000000e+01 1.100000000000000000e+01 3.000000000000000000e+00 1.600000000000000000e+01 3.000000000000000000e+00
6.856473244186261695e+01 7.008325686204937455e+00 6.613796805580222926e-02 1.000000000000000000e+00 9.600000000000000000e+01 -2.500000000000000000e+00 -8.250000000000000000e+00 -1.000000000000000000e+00 -8.690318465232849121e-02 -9.179914370179176331e-03 1.000000000000000000e+00 3.000000000000000000e+00 2.000000000000000000e+01 2.100000000000000000e+01 4.000000000000000000e+00 3.000000000000000000e+00 1.600000000000000000e+01 3.000000000000000000e+00
6.606411826489966188e+01 2.142575835439381393e+01 -1.279205694481519440e-03 1.000000000000000000e+00 9.700000000000000000e+01 2.050000000000000000e+01 -8.250000000000000000e+00 -1.000000000000000000e+00 -2.680057883262634277e-01 -8.580887317657470703e-02 1.000000000000000000e+00 3.000000000000000000e+00 1.900000000000000000e+01 2.000000000000000000e+01 0.000000000000000000e+00 1.000000000000000000e+00 1.600000000000000000e+01 3.000000000000000000e+00
6.954953339952828628e+01 4.801509883405794099e+00 7.755055161140174402e-02 1.000000000000000000e+00 9.800000000000000000e+01 0.000000000000000000e+00 -8.500000000000000000e+00 -1.000000000000000000e+00 -3.052314817905426025e-01 -2.246842905879020691e-02 1.000000000000000000e+00 3.000000000000000000e+00 2.000000000000000000e+01 2.100000000000000000e+01 4.000000000000000000e+00 3.000000000000000000e+00 1.600000000000000000e+01 3.000000000000000000e+00
6.977711364180731834e+01 8.799999120219309745e+00 6.052598944668628744e-02 1.000000000000000000e+00 9.900000000000000000e+01 5.000000000000000000e-01 -8.250000000000000000e+00 -1.000000000000000000e+00 -1.084978803992271423e-01 -1.397548988461494446e-02 1.000000000000000000e+00 3.000000000000000000e+00 2.000000000000000000e+01 2.100000000000000000e+01 0.000000000000000000e+00 1.000000000000000000e+00 1.600000000000000000e+01 3.000000000000000000e+00
6.654958579624856441e+01 -2.417823754968866723e+01 1.984864627273233983e-01 1.000000000000000000e+00 1.000000000000000000e+02 1.000000000000000000e+01 -8.750000000000000000e+00 -1.000000000000000000e+00 -1.380461156368255615e-01 4.727880284190177917e-02 1.000000000000000000e+00 3.000000000000000000e+00 1.900000000000000000e+01 1.900000000000000000e+01 0.000000000000000000e+00 1.000000000000000000e+00 1.600000000000000000e+01 3.000000000000000000e+00
7.074674098805911626e+01 4.393256159280250372e+00 8.150514215130875983e-02 3.000000000000000000e+00 1.010000000000000000e+02 -1.000000000000000000e+00 -8.250000000000000000e+00 -1.000000000000000000e+00 -5.020452290773391724e-02 -3.360685426741838455e-03 1.000000000000000000e+00 3.000000000000000000e+00 2.000000000000000000e+01 2.100000000000000000e+01 4.000000000000000000e+00 3.000000000000000000e+00 1.600000000000000000e+01 3.000000000000000000e+00
7.095225815292450022e+01 5.191851425372600914e+00 7.839560317638807896e-02 1.000000000000000000e+00 1.020000000000000000e+02 -1.500000000000000000e+00 -8.500000000000000000e+00 -1.000000000000000000e+00 -3.089371323585510254e-01 -2.399102970957756042e-02 1.000000000000000000e+00 3.000000000000000000e+00 2.100000000000000000e+01 2.100000000000000000e+01 4.000000000000000000e+00 3.000000000000000000e+00 1.600000000000000000e+01 3.000000000000000000e+00
7.175361264905012604e+01 5.386333797821137637e+00 7.900271867459930653e-02 3.000000000000000000e+00 1.030000000000000000e+02 -4.000000000000000000e+00 -8.500000000000000000e+00 -1.000000000000000000e+00 -3.106333613395690918e-01 -2.469995990395545959e-02 1.000000000000000000e+00 3.000000000000000000e+00 2.100000000000000000e+01 2.200000000000000000e+01 1.100000000000000000e+01 3.000000000000000000e+00 1.600000000000000000e+01 3.000000000000000000e+00
7.102260852265175117e+01 1.539151218686259526e+01 3.404151644659268727e-02 3.000000000000000000e+00 1.040000000000000000e+02 -4.000000000000000000e+00 -8.000000000000000000e+00 -1.000000000000000000e+00 5.227424204349517822e-02 1.132371183484792709e-02 1.000000000000000000e+00 3.000000000000000000e+00 2.000000000000000000e+01 2.200000000000000000e+01 9.000000000000000000e+00 3.000000000000000000e+00 1.600000000000000000e+01 3.000000000000000000e+00
6.751236384924868617e+01 2.841588089395906280e+01 -2.913385950306628808e-02 3.000000000000000000e+00 1.050000000000000000e+02 6.000000000000000000e+00 -8.000000000000000000e+00 -1.000000000000000000e+00 -1.163625568151473999e-01 -4.817876219749450684e-02 1.000000000000000000e+00 3.000000000000000000e+00 1.900000000000000000e+01 2.000000000000000000e+01 9.000000000000000000e+00 3.000000000000000000e+00 1.600000000000000000e+01 3.000000000000000000e+00
7.333012793333702461e+01 1.975424081967318557e+00 9.674105257767298682e-02 1.000000000000000000e+00 1.060000000000000000e+02 -3.500000000000000000e+00 -8.500000000000000000e+00 -1.250000000000000000e+00 -2.755149900913238525e-01 -9.086905978620052338e-03 1.000000000000000000e+00 3.000000000000000000e+00 2.000000000000000000e+01 2.100000000000000000e+01 9.000000000000000000e+00 3.000000000000000000e+00 1.600000000000000000e+01 3.000000000000000000e+00
6.588752872581179076e+01 -3.317380492750511678e+01 2.365148152671303627e-01 3.000000000000000000e+00 1.070000000000000000e+02 0.000000000000000000e+00 -8.750000000000000000e+00 -1.000000000000000000e+00 -1.986970379948616028e-02 9.471419267356395721e-03 1.000000000000000000e+00 3.000000000000000000e+00 2.100000000000000000e+01 2.200000000000000000e+01 0.000000000000000000e+00 1.000000000000000000e+00 1.600000000000000000e+01 3.000000000000000000e+00
7.510248919343898422e+01 -2.036843345247443704e+00 1.174576336185490510e-01 1.000000000000000000e+00 1.080000000000000000e+02 1.700000000000000000e+01 -8.500000000000000000e+00 -1.250000000000000000e+00 -2.120364606380462646e-01 4.098643083125352859e-03 1.000000000000000000e+00 3.000000000000000000e+00 1.900000000000000000e+01 2.000000000000000000e+01 0.000000000000000000e+00 1.000000000000000000e+00 1.600000000000000000e+01 3.000000000000000000e+00
7.297287467735448274e+01 -2.082243942777503776e+01 1.955162685283389767e-01 3.000000000000000000e+00 1.090000000000000000e+02 5.000000000000000000e-01 -9.000000000000000000e+00 -1.250000000000000000e+00 -3.811987042427062988e-01 1.023589149117469788e-01 1.000000000000000000e+00 3.000000000000000000e+00 1.900000000000000000e+01 2.000000000000000000e+01 1.600000000000000000e+01 1.000000000000000000e+00 1.600000000000000000e+01 3.000000000000000000e+00
7.519904852624277680e+01 1.196269129505248152e+01 5.657947422357620382e-02 3.000000000000000000e+00 1.100000000000000000e+02 2.000000000000000000e+00 -8.250000000000000000e+00 -1.250000000000000000e+00 -1.772016882896423340e-01 -2.854408696293830872e-02 1.000000000000000000e+00 3.000000000000000000e+00 2.000000000000000000e+01 2.100000000000000000e+01 0.000000000000000000e+00 1.000000000000000000e+00 1.600000000000000000e+01 3.000000000000000000e+00
6.990122117937528401e+01 -3.120142789338441602e+01 2.352020012738600396e-01 3.000000000000000000e+00 1.110000000000000000e+02 -2.500000000000000000e+00 -8.750000000000000000e+00 -1.000000000000000000e+00 -6.485867500305175781e-02 2.742646448314189911e-02 1.000000000000000000e+00 3.000000000000000000e+00 2.100000000000000000e+01 2.200000000000000000e+01 4.000000000000000000e+00 3.000000000000000000e+00 1.600000000000000000e+01 3.000000000000000000e+00
7.522525748274173907e+01 1.576256422021979731e+01 4.005540570539427303e-02 3.000000000000000000e+00 1.120000000000000000e+02 3.000000000000000000e+00 -8.250000000000000000e+00 -1.250000000000000000e+00 -2.312262207269668579e-01 -4.856942221522331238e-02 1.000000000000000000e+00 3.000000000000000000e+00 1.900000000000000000e+01 2.000000000000000000e+01 0.000000000000000000e+00 1.000000000000000000e+00 1.600000000000000000e+01 3.000000000000000000e+00
7.713692380102182256e+01 2.949212211898600611e+00 9.940746679477879821e-02 3.000000000000000000e+00 1.130000000000000000e+02 -3.000000000000000000e+00 -8.500000000000000000e+00 -1.250000000000000000e+00 -2.886361181735992432e-01 -1.269128732383251190e-02 1.000000000000000000e+00 3.000000000000000000e+00 2.000000000000000000e+01 2.100000000000000000e+01 4.000000000000000000e+00 3.000000000000000000e+00 1.600000000000000000e+01 3.000000000000000000e+00
7.677831502006705477e+01 8.951768431131320369e+00 7.257841764524883277e-02 1.000000000000000000e+00 1.140000000000000000e+02 3.000000000000000000e+00 -8.250000000000000000e+00 -1.250000000000000000e+00 -1.298449188470840454e-01 -1.557483244687318802e-02 1.000000000000000000e+00 3.000000000000000000e+00 2.000000000000000000e+01 2.100000000000000000e+01 0.000000000000000000e+00 1.000000000000000000e+00 1.600000000000000000e+01 3.000000000000000000e+00
7.109291872949725644e+01 -3.240965383835151670e+01 2.426353524720880062e-01 1.000000000000000000e+00 1.150000000000000000e+02 3.500000000000000000e+00 -8.750000000000000000e+00 -1.000000000000000000e+00 -5.676824972033500671e-02 2.453803643584251404e-02 1.000000000000000000e+00 3.000000000000000000e+00 2.000000000000000000e+01 2.100000000000000000e+01 0.000000000000000000e+00 1.000000000000000000e+00 1.600000000000000000e+01 3.000000000000000000e+00
7.829275644755151120e+01 -3.458842124915308514e+00 1.294527111593765101e-01 3.000000000000000000e+00 1.160000000000000000e+02 1.500000000000000000e+01 -8.500000000000000000e+00 -1.250000000000000000e+00 -1.917025744915008545e-01 6.880413740873336792e-03 1.000000000000000000e+00 3.000000000000000000e+00 1.900000000000000000e+01 2.000000000000000000e+01 0.000000000000000000e+00 1.000000000000000000e+00 1.600000000000000000e+01 3.000000000000000000e+00
7.372733655071444048e+01 -2.742773174358183397e+01 2.256927927195647166e-01 3.000000000000000000e+00 1.170000000000000000e+02 4.500000000000000000e+00 -8.750000000000000000e+00 -1.250000000000000000e+00 -5.063836649060249329e-02 1.782947592437267303e-02 1.000000000000000000e+00 3.000000000000000000e+00 2.000000000000000000e+01 2.200000000000000000e+01 0.000000000000000000e+00 1.000000000000000000e+00 1.600000000000000000e+01 3.000000000000000000e+00
7.824587246571476840e+01 1.874179713584246088e+01 3.254813527526588535e-02 1.000000000000000000e+00 1.180000000000000000e+02 6.000000000000000000e+00 -8.250000000000000000e+00 -1.250000000000000000e+00 -2.621969282627105713e-01 -6.278412789106369019e-02 1.000000000000000000e+00 3.000000000000000000e+00 1.900000000000000000e+01 2.000000000000000000e+01 0.000000000000000000e+00 1.000000000000000000e+00 1.600000000000000000e+01 3.000000000000000000e+00
7.468041086125023753e+01 -3.423439597757918307e+01 2.571082058821633209e-01 3.000000000000000000e+00 1.190000000000000000e+02 -1.000000000000000000e+00 -8.750000000000000000e+00 -1.250000000000000000e+00 3.742832690477371216e-02 -1.629631407558917999e-02 1.000000000000000000e+00 3.000000000000000000e+00 2.100000000000000000e+01 2.200000000000000000e+01 9.000000000000000000e+00 3.000000000000000000e+00 1.600000000000000000e+01 3.000000000000000000e+00
7.730655217612019214e+01 -3.045243285046407067e+01 2.453837691013859845e-01 1.000000000000000000e+00 1.200000000000000000e+02 1.500000000000000000e+00 -8.750000000000000000e+00 -1.250000000000000000e+00 -2.680281177163124084e-02 1.001755148172378540e-02 1.000000000000000000e+00 3.000000000000000000e+00 2.100000000000000000e+01 2.200000000000000000e+01 0.000000000000000000e+00 1.000000000000000000e+00 1.600000000000000000e+01 3.000000000000000000e+00
8.312711526182813770e+01 1.507923923621130813e+00 1.165713820294214942e-01 3.000000000000000000e+00 1.210000000000000000e+02 -5.000000000000000000e-01 -8.500000000000000000e+00 -1.250000000000000000e+00 -2.653665244579315186e-01 -6.510159932076931000e-03 1.000000000000000000e+00 3.000000000000000000e+00 2.000000000000000000e+01 2.200000000000000000e+01 4.000000000000000000e+00 3.000000000000000000e+00 1.600000000000000000e+01 3.000000000000000000e+00
8.430915687143438220e+01 -1.100256534382846541e+00 1.300925537288417921e-01 1.000000000000000000e+00 1.220000000000000000e+02 2.500000000000000000e+00 -8.500000000000000000e+00 -1.250000000000000000e+00 -2.286313623189926147e-01 1.317000947892665863e-03 1.000000000000000000e+00 3.000000000000000000e+00 2.000000000000000000e+01 2.100000000000000000e+01 0.000000000000000000e+00 1.000000000000000000e+00 1.600000000000000000e+01 3.000000000000000000e+00
8.170510253659676891e+01 2.731808862993795728e+01 1.428008837177509316e-03 1.000000000000000000e+00 1.230000000000000000e+02 2.950000000000000000e+01 -8.000000000000000000e+00 -1.250000000000000000e+00 -1.261762380599975586e-01 -4.190853983163833618e-02 1.000000000000000000e+00 3.000000000000000000e+00 1.900000000000000000e+01 2.000000000000000000e+01 0.000000000000000000e+00 1.000000000000000000e+00 1.600000000000000000e+01 3.000000000000000000e+00
8.711046049708599526e+01 -9.195527029086997262e-01 1.343917034831376978e-01 3.000000000000000000e+00 1.240000000000000000e+02 2.000000000000000000e+01 -8.500000000000000000e+00 -1.250000000000000000e+00 -2.315731346607208252e-01 7.753565441817045212e-04 1.000000000000000000e+00 3.000000000000000000e+00 1.900000000000000000e+01 2.100000000000000000e+01 0.000000000000000000e+00 1.000000000000000000e+00 1.600000000000000000e+01 3.000000000000000000e+00
