-3.303782058247622722e+00 4.107347605222173570e+00 -1.264164285525422315e-01 4.000000000000000000e+00 0.000000000000000000e+00 8.000000000000000000e+00 0.000000000000000000e+00 0.000000000000000000e+00 2.179518222808837891e+00 3.723343610763549805e+00 1.000000000000000000e+00 0.000000000000000000e+00 0.000000000000000000e+00 0.000000000000000000e+00 7.000000000000000000e+00 6.000000000000000000e+00 0.000000000000000000e+00 0.000000000000000000e+00
-3.306392888447088119e+00 3.907365156003937745e+00 -1.260596703201187774e-01 1.000000000000000000e+00 1.000000000000000000e+00 7.000000000000000000e+00 -8.250000000000000000e+00 0.000000000000000000e+00 7.953859865665435791e-02 1.292502135038375854e-01 1.000000000000000000e+00 3.000000000000000000e+00 1.900000000000000000e+01 1.900000000000000000e+01 0.000000000000000000e+00 1.000000000000000000e+00 1.800000000000000000e+01 3.000000000000000000e+00
-2.706452299445690990e+00 3.899527185709921628e+00 -1.291807998300897875e-01 1.000000000000000000e+00 2.000000000000000000e+00 -3.500000000000000000e+00 -8.500000000000000000e+00 0.000000000000000000e+00 1.375358551740646362e-02 1.787966117262840271e-02 1.000000000000000000e+00 3.000000000000000000e+00 1.900000000000000000e+01 1.900000000000000000e+01 1.000000000000000000e+01 3.000000000000000000e+00 1.800000000000000000e+01 3.000000000000000000e+00
-2.688176469375302080e+00 5.299405760624877892e+00 -1.316781100087902334e-01 1.000000000000000000e+00 3.000000000000000000e+00 1.500000000000000000e+00 -9.000000000000000000e+00 0.000000000000000000e+00 -1.114526465535163879e-01 -1.968996971845626831e-01 1.000000000000000000e+00 3.000000000000000000e+00 1.900000000000000000e+01 2.000000000000000000e+01 1.600000000000000000e+01 1.000000000000000000e+00 1.900000000000000000e+01 3.000000000000000000e+00
-2.290826754201872983e+00 5.094197519005176034e+00 -1.334021047592524878e-01 1.000000000000000000e+00 4.000000000000000000e+00 3.500000000000000000e+00 -8.750000000000000000e+00 0.000000000000000000e+00 -6.505206227302551270e-02 -9.757807850837707520e-02 1.000000000000000000e+00 3.000000000000000000e+00 1.900000000000000000e+01 1.900000000000000000e+01 0.000000000000000000e+00 1.000000000000000000e+00 1.800000000000000000e+01 3.000000000000000000e+00
6.801575105021697709e-01 2.855198812722367752e+00 -1.450834108305857906e-01 1.000000000000000000e+00 5.000000000000000000e+00 1.000000000000000000e+00 -8.750000000000000000e+00 -2.500000000000000000e-01 -2.762652337551116943e-01 -1.251826882362365723e-01 1.000000000000000000e+00 3.000000000000000000e+00 1.900000000000000000e+01 1.900000000000000000e+01 0.000000000000000000e+00 1.000000000000000000e+00 1.600000000000000000e+01 3.000000000000000000e+00
8.775267145941425539e-01 2.652603470417929099e+00 -1.457670278493795601e-01 1.000000000000000000e+00 6.000000000000000000e+00 -1.000000000000000000e+00 -8.750000000000000000e+00 -2.500000000000000000e-01 -2.761198282241821289e-01 -1.129581257700920105e-01 1.000000000000000000e+00 3.000000000000000000e+00 1.900000000000000000e+01 1.900000000000000000e+01 0.000000000000000000e+00 1.000000000000000000e+00 1.600000000000000000e+01 3.000000000000000000e+00
2.698235144980543510e+00 4.228950822066956938e+00 -1.579844852157058777e-01 1.000000000000000000e+00 7.000000000000000000e+00 2.000000000000000000e+00 -8.250000000000000000e+00 -2.500000000000000000e-01 1.210582777857780457e-01 6.197031587362289429e-02 1.000000000000000000e+00 3.000000000000000000e+00 1.900000000000000000e+01 1.900000000000000000e+01 9.000000000000000000e+00 3.000000000000000000e+00 1.600000000000000000e+01 3.000000000000000000e+00
2.719121805250397372e+00 5.828811846200149915e+00 -1.608385536268298055e-01 1.000000000000000000e+00 8.000000000000000000e+00 -5.000000000000000000e-01 -8.000000000000000000e+00 -2.500000000000000000e-01 2.388409972190856934e-01 1.677573770284652710e-01 1.000000000000000000e+00 3.000000000000000000e+00 1.900000000000000000e+01 1.900000000000000000e+01 0.000000000000000000e+00 1.000000000000000000e+00 1.700000000000000000e+01 3.000000000000000000e+00
3.541486324218571013e+00 -7.783070860025349980e+00 -1.417808541998438199e-01 1.000000000000000000e+00 9.000000000000000000e+00 -2.500000000000000000e+00 -9.000000000000000000e+00 -2.500000000000000000e-01 -1.645678281784057617e-01 1.348055601119995117e-01 1.000000000000000000e+00 3.000000000000000000e+00 1.900000000000000000e+01 1.900000000000000000e+01 0.000000000000000000e+00 1.000000000000000000e+00 1.700000000000000000e+01 3.000000000000000000e+00
4.921515907631697218e+00 6.000055056472519688e+00 -1.726394591835332948e-01 1.000000000000000000e+00 1.000000000000000000e+01 1.000000000000000000e+00 -8.250000000000000000e+00 -2.500000000000000000e-01 1.032121255993843079e-01 5.939565226435661316e-02 1.000000000000000000e+00 3.000000000000000000e+00 1.900000000000000000e+01 1.900000000000000000e+01 0.000000000000000000e+00 1.000000000000000000e+00 1.600000000000000000e+01 3.000000000000000000e+00
6.124007922058668285e+00 6.184362041898491924e+00 -1.792384772864775433e-01 1.000000000000000000e+00 1.100000000000000000e+01 1.500000000000000000e+01 -8.500000000000000000e+00 -2.500000000000000000e-01 -7.979688793420791626e-02 -4.260341823101043701e-02 1.000000000000000000e+00 3.000000000000000000e+00 1.900000000000000000e+01 1.900000000000000000e+01 0.000000000000000000e+00 1.000000000000000000e+00 1.600000000000000000e+01 3.000000000000000000e+00
7.121298226233491846e+00 5.971315829984773949e+00 -1.840836015469107800e-01 1.000000000000000000e+00 1.200000000000000000e+01 7.500000000000000000e+00 -8.500000000000000000e+00 -2.500000000000000000e-01 -7.225364446640014648e-02 -3.443337604403495789e-02 1.000000000000000000e+00 3.000000000000000000e+00 1.900000000000000000e+01 1.900000000000000000e+01 0.000000000000000000e+00 1.000000000000000000e+00 1.600000000000000000e+01 3.000000000000000000e+00
6.138618834783814648e+00 -8.017018334361857512e+00 -1.549489937941348483e-01 1.000000000000000000e+00 1.300000000000000000e+01 1.000000000000000000e+00 -8.750000000000000000e+00 -2.500000000000000000e-01 -4.459680616855621338e-02 2.935956604778766632e-02 1.000000000000000000e+00 3.000000000000000000e+00 1.900000000000000000e+01 1.900000000000000000e+01 1.100000000000000000e+01 3.000000000000000000e+00 1.700000000000000000e+01 3.000000000000000000e+00
6.941150774403197943e+00 -7.827486039559247821e+00 -1.594672605440659030e-01 1.000000000000000000e+00 1.400000000000000000e+01 2.000000000000000000e+00 -8.750000000000000000e+00 -2.500000000000000000e-01 -5.703008174896240234e-02 3.430715948343276978e-02 1.000000000000000000e+00 3.000000000000000000e+00 1.900000000000000000e+01 1.900000000000000000e+01 0.000000000000000000e+00 1.000000000000000000e+00 1.700000000000000000e+01 3.000000000000000000e+00
7.722796041303309877e+00 -9.237815722481366620e+00 -1.611314571817156205e-01 1.000000000000000000e+00 1.500000000000000000e+01 6.000000000000000000e+00 -8.750000000000000000e+00 -2.500000000000000000e-01 -4.235176369547843933e-02 2.833831124007701874e-02 1.000000000000000000e+00 3.000000000000000000e+00 1.900000000000000000e+01 1.900000000000000000e+01 0.000000000000000000e+00 1.000000000000000000e+00 1.700000000000000000e+01 3.000000000000000000e+00
8.938342219177027204e+00 -8.053595537372679303e+00 -1.695142681479346325e-01 1.000000000000000000e+00 1.600000000000000000e+01 7.500000000000000000e+00 -8.750000000000000000e+00 -2.500000000000000000e-01 -7.321506738662719727e-02 3.908101469278335571e-02 1.000000000000000000e+00 3.000000000000000000e+00 1.900000000000000000e+01 1.900000000000000000e+01 0.000000000000000000e+00 1.000000000000000000e+00 1.600000000000000000e+01 3.000000000000000000e+00
8.922677219306104135e+00 -9.253491663069398854e+00 -1.673737162016576407e-01 1.000000000000000000e+00 1.700000000000000000e+01 4.000000000000000000e+00 -8.750000000000000000e+00 -2.500000000000000000e-01 -5.402374640107154846e-02 3.321730345487594604e-02 1.000000000000000000e+00 3.000000000000000000e+00 1.900000000000000000e+01 1.900000000000000000e+01 0.000000000000000000e+00 1.000000000000000000e+00 1.700000000000000000e+01 3.000000000000000000e+00
1.033820438816364984e+01 -8.071884145107150133e+00 -1.767969078052857856e-01 1.000000000000000000e+00 1.800000000000000000e+01 0.000000000000000000e+00 -8.750000000000000000e+00 -2.500000000000000000e-01 -8.502329885959625244e-02 4.146197438240051270e-02 1.000000000000000000e+00 3.000000000000000000e+00 1.900000000000000000e+01 1.900000000000000000e+01 1.100000000000000000e+01 3.000000000000000000e+00 1.600000000000000000e+01 3.000000000000000000e+00
1.273796674416923835e+01 -8.103236026283212823e+00 -1.892814258451698539e-01 1.000000000000000000e+00 1.900000000000000000e+01 -3.000000000000000000e+00 -8.750000000000000000e+00 -2.500000000000000000e-01 -1.020631119608879089e-01 4.334938153624534607e-02 1.000000000000000000e+00 3.000000000000000000e+00 2.000000000000000000e+01 1.900000000000000000e+01 1.100000000000000000e+01 3.000000000000000000e+00 1.600000000000000000e+01 3.000000000000000000e+00
7.851779979137061716e+00 1.596261033954274922e+01 -2.050426580597571879e-01 2.000000000000000000e+00 2.000000000000000000e+01 3.000000000000000000e+00 -1.075000000000000000e+01 0.000000000000000000e+00 -9.059572219848632812e-01 -1.088500857353210449e+00 1.000000000000000000e+00 1.000000000000000000e+00 1.900000000000000000e+01 1.900000000000000000e+01 1.000000000000000000e+01 3.000000000000000000e+00 1.800000000000000000e+01 3.000000000000000000e+00
1.272230174429831706e+01 -9.303132151979934150e+00 -1.871408738988928899e-01 1.000000000000000000e+00 2.100000000000000000e+01 -3.000000000000000000e+00 -8.750000000000000000e+00 -2.500000000000000000e-01 -8.460596948862075806e-02 4.139324650168418884e-02 1.000000000000000000e+00 3.000000000000000000e+00 1.900000000000000000e+01 1.900000000000000000e+01 9.000000000000000000e+00 3.000000000000000000e+00 1.600000000000000000e+01 3.000000000000000000e+00
1.272491258694720173e+01 -9.103148749170161480e+00 -1.874976338324737812e-01 1.000000000000000000e+00 2.200000000000000000e+01 -1.500000000000000000e+00 -8.250000000000000000e+00 -2.500000000000000000e-01 3.194089531898498535e-01 -1.528354585170745850e-01 1.000000000000000000e+00 3.000000000000000000e+00 1.900000000000000000e+01 1.900000000000000000e+01 9.000000000000000000e+00 3.000000000000000000e+00 1.600000000000000000e+01 3.000000000000000000e+00
1.063061765061574349e+01 1.432617162314484638e+01 -2.167538681127568756e-01 2.000000000000000000e+00 2.300000000000000000e+01 -5.000000000000000000e-01 -9.750000000000000000e+00 0.000000000000000000e+00 -6.752459406852722168e-01 -6.043866872787475586e-01 1.000000000000000000e+00 1.000000000000000000e+00 1.900000000000000000e+01 1.900000000000000000e+01 0.000000000000000000e+00 1.000000000000000000e+00 1.700000000000000000e+01 3.000000000000000000e+00
1.493252644256735806e+01 -8.531940615545078543e+00 -2.000120459322191624e-01 3.000000000000000000e+00 2.400000000000000000e+01 3.500000000000000000e+00 -8.750000000000000000e+00 -5.000000000000000000e-01 -2.323662303388118744e-02 9.272306226193904877e-03 1.000000000000000000e+00 3.000000000000000000e+00 1.900000000000000000e+01 1.900000000000000000e+01 9.000000000000000000e+00 3.000000000000000000e+00 1.600000000000000000e+01 3.000000000000000000e+00
1.631933540168727248e+01 -9.550142435420386988e+00 -2.055108976871980464e-01 1.000000000000000000e+00 2.500000000000000000e+01 3.000000000000000000e+00 -8.750000000000000000e+00 -5.000000000000000000e-01 -1.459225174039602280e-02 6.112970411777496338e-03 1.000000000000000000e+00 3.000000000000000000e+00 1.900000000000000000e+01 1.900000000000000000e+01 0.000000000000000000e+00 1.000000000000000000e+00 1.600000000000000000e+01 3.000000000000000000e+00
1.797139235470460861e+01 -5.571390874196072041e+00 -2.209690745523498756e-01 0.000000000000000000e+00 2.600000000000000000e+01 1.900000000000000000e+01 -7.500000000000000000e+00 -5.000000000000000000e-01 1.082598686218261719e+00 -2.410829067230224609e-01 1.000000000000000000e+00 3.000000000000000000e+00 1.900000000000000000e+01 1.900000000000000000e+01 0.000000000000000000e+00 1.000000000000000000e+00 1.600000000000000000e+01 3.000000000000000000e+00
1.698298957562927924e+01 1.064287869807553655e+01 -2.436242645381305194e-01 3.000000000000000000e+00 2.700000000000000000e+01 7.500000000000000000e+00 -7.750000000000000000e+00 -5.000000000000000000e-01 4.375838637351989746e-01 2.110470682382583618e-01 1.000000000000000000e+00 3.000000000000000000e+00 1.900000000000000000e+01 1.900000000000000000e+01 0.000000000000000000e+00 1.000000000000000000e+00 1.600000000000000000e+01 3.000000000000000000e+00
1.833219184633202303e+01 -8.576355807537098030e+00 -2.176984572373437676e-01 1.000000000000000000e+00 2.800000000000000000e+01 1.000000000000000000e+01 -8.750000000000000000e+00 -5.000000000000000000e-01 -4.878522828221321106e-02 1.673212274909019470e-02 1.000000000000000000e+00 3.000000000000000000e+00 1.900000000000000000e+01 1.900000000000000000e+01 0.000000000000000000e+00 1.000000000000000000e+00 1.600000000000000000e+01 3.000000000000000000e+00
2.097109577650161327e+01 -5.610580731895211670e+00 -2.365747245826562151e-01 0.000000000000000000e+00 2.900000000000000000e+01 -3.500000000000000000e+00 -7.750000000000000000e+00 -5.000000000000000000e-01 8.411226272583007812e-01 -1.663414239883422852e-01 1.000000000000000000e+00 3.000000000000000000e+00 1.900000000000000000e+01 1.900000000000000000e+01 4.000000000000000000e+00 3.000000000000000000e+00 1.600000000000000000e+01 3.000000000000000000e+00
1.991897798211562076e+01 -9.597170244726362043e+00 -2.242376697861216406e-01 3.000000000000000000e+00 3.000000000000000000e+01 -2.000000000000000000e+00 -8.750000000000000000e+00 -5.000000000000000000e-01 -4.063720256090164185e-02 1.464829593896865845e-02 1.000000000000000000e+00 3.000000000000000000e+00 2.000000000000000000e+01 1.900000000000000000e+01 9.000000000000000000e+00 3.000000000000000000e+00 1.600000000000000000e+01 3.000000000000000000e+00
2.150682105956039081e+01 4.783291305871312460e+00 -2.572069318056480758e-01 1.000000000000000000e+00 3.100000000000000000e+01 -3.000000000000000000e+00 -8.500000000000000000e+00 -5.000000000000000000e-01 -6.333475559949874878e-02 -1.187526620924472809e-02 1.000000000000000000e+00 3.000000000000000000e+00 1.900000000000000000e+01 1.900000000000000000e+01 4.000000000000000000e+00 3.000000000000000000e+00 1.600000000000000000e+01 3.000000000000000000e+00
2.031632913388381212e+01 -9.802378028237475505e+00 -2.259616728285163967e-01 3.000000000000000000e+00 3.200000000000000000e+01 -2.500000000000000000e+00 -8.750000000000000000e+00 -5.000000000000000000e-01 -3.965453431010246277e-02 1.437855139374732971e-02 1.000000000000000000e+00 3.000000000000000000e+00 2.000000000000000000e+01 1.900000000000000000e+01 9.000000000000000000e+00 3.000000000000000000e+00 1.600000000000000000e+01 3.000000000000000000e+00
2.070845670564358088e+01 -1.040755163886035817e+01 -2.269721477831017076e-01 3.000000000000000000e+00 3.300000000000000000e+01 -3.500000000000000000e+00 -8.750000000000000000e+00 -5.000000000000000000e-01 -3.185884654521942139e-02 1.209678035229444504e-02 1.000000000000000000e+00 3.000000000000000000e+00 2.000000000000000000e+01 1.900000000000000000e+01 9.000000000000000000e+00 3.000000000000000000e+00 1.600000000000000000e+01 3.000000000000000000e+00
1.746910713416517069e+01 1.723708088804144012e+01 -2.574780494692202604e-01 2.000000000000000000e+00 3.400000000000000000e+01 -5.000000000000000000e+00 -9.500000000000000000e+00 0.000000000000000000e+00 -6.126151084899902344e-01 -4.661201536655426025e-01 1.000000000000000000e+00 1.000000000000000000e+00 2.000000000000000000e+01 2.000000000000000000e+01 4.000000000000000000e+00 3.000000000000000000e+00 1.700000000000000000e+01 3.000000000000000000e+00
2.293279060186047147e+01 6.764829109960394327e+00 -2.680571522286462338e-01 3.000000000000000000e+00 3.500000000000000000e+01 5.000000000000000000e+00 -8.500000000000000000e+00 -5.000000000000000000e-01 -8.991483598947525024e-02 -2.232151292264461517e-02 1.000000000000000000e+00 3.000000000000000000e+00 1.900000000000000000e+01 1.900000000000000000e+01 0.000000000000000000e+00 1.000000000000000000e+00 1.600000000000000000e+01 3.000000000000000000e+00
2.445952949419404732e+01 1.144414024673547470e+00 -2.663909276982808771e-01 0.000000000000000000e+00 3.600000000000000000e+01 2.100000000000000000e+01 -4.000000000000000000e+00 0.000000000000000000e+00 4.515956401824951172e+00 2.243024706840515137e-01 1.000000000000000000e+00 3.000000000000000000e+00 1.900000000000000000e+01 1.900000000000000000e+01 0.000000000000000000e+00 1.000000000000000000e+00 1.600000000000000000e+01 3.000000000000000000e+00
1.978582551744867501e+01 -1.979628469077175978e+01 -2.060429829209502461e-01 1.000000000000000000e+00 3.700000000000000000e+01 0.000000000000000000e+00 -8.750000000000000000e+00 -5.000000000000000000e-01 9.459120780229568481e-02 -7.149334996938705444e-02 1.000000000000000000e+00 3.000000000000000000e+00 2.000000000000000000e+01 2.000000000000000000e+01 0.000000000000000000e+00 1.000000000000000000e+00 1.700000000000000000e+01 3.000000000000000000e+00
2.593510486008165472e+01 6.925622178275258278e+00 -2.840195613419548293e-01 1.000000000000000000e+00 3.800000000000000000e+01 3.500000000000000000e+00 -8.500000000000000000e+00 -5.000000000000000000e-01 -8.256655931472778320e-02 -1.907392032444477081e-02 1.000000000000000000e+00 3.000000000000000000e+00 1.900000000000000000e+01 1.900000000000000000e+01 0.000000000000000000e+00 1.000000000000000000e+00 1.600000000000000000e+01 3.000000000000000000e+00
2.673502691685689925e+01 6.915171534605742742e+00 -2.881810739697862056e-01 1.000000000000000000e+00 3.900000000000000000e+01 -5.000000000000000000e+00 -8.500000000000000000e+00 -5.000000000000000000e-01 -8.009997755289077759e-02 -1.804721727967262268e-02 1.000000000000000000e+00 3.000000000000000000e+00 1.900000000000000000e+01 1.900000000000000000e+01 1.100000000000000000e+01 3.000000000000000000e+00 1.600000000000000000e+01 3.000000000000000000e+00
2.846696655341316173e+01 1.692108705525169565e+00 -2.882687366198718459e-01 0.000000000000000000e+00 4.000000000000000000e+01 -4.000000000000000000e+00 -4.000000000000000000e+00 0.000000000000000000e+00 4.510185241699218750e+00 2.769411802291870117e-01 1.000000000000000000e+00 1.000000000000000000e+00 2.000000000000000000e+01 1.900000000000000000e+01 9.000000000000000000e+00 3.000000000000000000e+00 1.600000000000000000e+01 3.000000000000000000e+00
2.831398054959268151e+01 5.294408796170233522e+00 -2.936500101201362511e-01 1.000000000000000000e+00 4.100000000000000000e+01 1.600000000000000000e+01 -8.500000000000000000e+00 -5.000000000000000000e-01 -5.426715686917304993e-02 -9.097727946937084198e-03 1.000000000000000000e+00 3.000000000000000000e+00 1.900000000000000000e+01 1.900000000000000000e+01 0.000000000000000000e+00 1.000000000000000000e+00 1.600000000000000000e+01 3.000000000000000000e+00
2.731302628787735287e+01 -1.009380347875370632e+01 -2.620180980001410864e-01 1.000000000000000000e+00 4.200000000000000000e+01 8.000000000000000000e+00 -8.750000000000000000e+00 -5.000000000000000000e-01 -7.327049970626831055e-02 2.140734530985355377e-02 1.000000000000000000e+00 3.000000000000000000e+00 1.900000000000000000e+01 1.900000000000000000e+01 0.000000000000000000e+00 1.000000000000000000e+00 1.600000000000000000e+01 3.000000000000000000e+00
2.358545099602092421e+01 -1.984592519214041673e+01 -2.258101455790880174e-01 3.000000000000000000e+00 4.300000000000000000e+01 5.000000000000000000e-01 -9.000000000000000000e+00 -5.000000000000000000e-01 -1.039888784289360046e-01 6.850618869066238403e-02 1.000000000000000000e+00 3.000000000000000000e+00 2.000000000000000000e+01 2.000000000000000000e+01 0.000000000000000000e+00 1.000000000000000000e+00 1.700000000000000000e+01 3.000000000000000000e+00
2.831031659827689495e+01 -1.030684921387165431e+01 -2.668632231111530695e-01 1.000000000000000000e+00 4.400000000000000000e+01 -1.500000000000000000e+00 -8.750000000000000000e+00 -5.000000000000000000e-01 -7.459963858127593994e-02 2.159463055431842804e-02 1.000000000000000000e+00 3.000000000000000000e+00 1.900000000000000000e+01 1.900000000000000000e+01 4.000000000000000000e+00 3.000000000000000000e+00 1.600000000000000000e+01 3.000000000000000000e+00
3.075707202806104945e+01 -6.738514123428624103e+00 -2.857693845163268298e-01 0.000000000000000000e+00 4.500000000000000000e+01 8.000000000000000000e+00 -4.500000000000000000e+00 0.000000000000000000e+00 3.909506082534790039e+00 -6.729478240013122559e-01 1.000000000000000000e+00 3.000000000000000000e+00 1.900000000000000000e+01 1.900000000000000000e+01 9.000000000000000000e+00 3.000000000000000000e+00 1.600000000000000000e+01 3.000000000000000000e+00
3.034772366073199024e+01 7.868056924982483658e+00 -3.086916389319845910e-01 1.000000000000000000e+00 4.600000000000000000e+01 1.850000000000000000e+01 -8.500000000000000000e+00 -7.500000000000000000e-01 -1.370993554592132568e-01 -3.160901740193367004e-02 1.000000000000000000e+00 3.000000000000000000e+00 1.900000000000000000e+01 1.900000000000000000e+01 0.000000000000000000e+00 1.000000000000000000e+00 1.600000000000000000e+01 3.000000000000000000e+00
3.161965597903064307e+01 -1.949381242819034021e+00 -2.984931131499138357e-01 3.000000000000000000e+00 4.700000000000000000e+01 -1.500000000000000000e+00 -8.750000000000000000e+00 -7.500000000000000000e-01 -1.932218074798583984e-01 7.749537006020545959e-03 1.000000000000000000e+00 3.000000000000000000e+00 1.900000000000000000e+01 1.900000000000000000e+01 4.000000000000000000e+00 3.000000000000000000e+00 1.600000000000000000e+01 3.000000000000000000e+00
8.783249031993292988e+00 -3.525384560232527065e+01 -1.220354808353345116e-01 4.000000000000000000e+00 4.800000000000000000e+01 2.450000000000000000e+01 0.000000000000000000e+00 0.000000000000000000e+00 1.313882589340209961e+00 -3.074485063552856445e+00 1.000000000000000000e+00 0.000000000000000000e+00 0.000000000000000000e+00 0.000000000000000000e+00 7.000000000000000000e+00 6.000000000000000000e+00 0.000000000000000000e+00 0.000000000000000000e+00
3.215954598705188516e+01 -6.556819817607210332e+00 -2.934087882175827611e-01 0.000000000000000000e+00 4.900000000000000000e+01 1.150000000000000000e+01 -4.500000000000000000e+00 0.000000000000000000e+00 3.924308776855468750e+00 -6.299548745155334473e-01 1.000000000000000000e+00 3.000000000000000000e+00 1.900000000000000000e+01 1.900000000000000000e+01 0.000000000000000000e+00 1.000000000000000000e+00 1.600000000000000000e+01 3.000000000000000000e+00
3.278820430277619380e+01 -4.364848920630378437e+00 -3.004542542451730247e-01 0.000000000000000000e+00 5.000000000000000000e+01 1.900000000000000000e+01 2.500000000000000000e+00 0.000000000000000000e+00 1.091448593139648438e+01 -1.102759003639221191e+00 1.000000000000000000e+00 3.000000000000000000e+00 1.900000000000000000e+01 1.900000000000000000e+01 0.000000000000000000e+00 1.000000000000000000e+00 1.600000000000000000e+01 3.000000000000000000e+00
3.359073910002332752e+01 -4.175316901600013786e+00 -3.049725354525223420e-01 0.000000000000000000e+00 5.100000000000000000e+01 7.000000000000000000e+00 2.500000000000000000e+00 0.000000000000000000e+00 1.092957496643066406e+01 -1.026381373405456543e+00 1.000000000000000000e+00 3.000000000000000000e+00 1.900000000000000000e+01 1.900000000000000000e+01 1.100000000000000000e+01 3.000000000000000000e+00 1.600000000000000000e+01 3.000000000000000000e+00
3.374111045621184246e+01 -7.977599630028715971e+00 -2.992344834509349516e-01 0.000000000000000000e+00 5.200000000000000000e+01 2.450000000000000000e+01 -4.500000000000000000e+00 0.000000000000000000e+00 3.885820388793945312e+00 -7.359508275985717773e-01 1.000000000000000000e+00 3.000000000000000000e+00 1.900000000000000000e+01 1.900000000000000000e+01 0.000000000000000000e+00 1.000000000000000000e+00 1.600000000000000000e+01 3.000000000000000000e+00
1.272024137930725729e+01 3.650073151432138729e+01 -2.657174570878449993e-01 3.000000000000000000e+00 5.300000000000000000e+01 -3.500000000000000000e+00 -8.000000000000000000e+00 -2.500000000000000000e-01 6.422995589673519135e-03 1.309577561914920807e-02 1.000000000000000000e+00 3.000000000000000000e+00 2.000000000000000000e+01 2.000000000000000000e+01 4.000000000000000000e+00 3.000000000000000000e+00 1.900000000000000000e+01 3.000000000000000000e+00
3.142645436997831254e+01 -1.674809583525000178e+01 -2.720929801343728860e-01 0.000000000000000000e+00 5.400000000000000000e+01 3.000000000000000000e+00 -4.500000000000000000e+00 0.000000000000000000e+00 3.381036520004272461e+00 -1.473553180694580078e+00 1.000000000000000000e+00 3.000000000000000000e+00 2.000000000000000000e+01 2.100000000000000000e+01 1.600000000000000000e+01 1.000000000000000000e+00 1.600000000000000000e+01 3.000000000000000000e+00
3.239502549838604750e+01 -1.916095232613469435e+01 -2.730137578840969304e-01 1.000000000000000000e+00 5.500000000000000000e+01 -2.000000000000000000e+00 -8.750000000000000000e+00 -7.500000000000000000e-01 1.116142123937606812e-01 -5.435379594564437866e-02 1.000000000000000000e+00 3.000000000000000000e+00 1.900000000000000000e+01 2.000000000000000000e+01 4.000000000000000000e+00 3.000000000000000000e+00 1.600000000000000000e+01 3.000000000000000000e+00
3.692096133606385422e+01 5.782012858611934369e+00 -3.394564753346649422e-01 1.000000000000000000e+00 5.600000000000000000e+01 0.000000000000000000e+00 -8.500000000000000000e+00 -7.500000000000000000e-01 -8.126248419284820557e-02 -1.201769243925809860e-02 1.000000000000000000e+00 3.000000000000000000e+00 2.000000000000000000e+01 2.000000000000000000e+01 0.000000000000000000e+00 1.000000000000000000e+00 1.600000000000000000e+01 3.000000000000000000e+00
3.694079486899268261e+01 -8.019402154874294197e+00 -3.158805141186504795e-01 0.000000000000000000e+00 5.700000000000000000e+01 1.100000000000000000e+01 -4.500000000000000000e+00 0.000000000000000000e+00 3.905394792556762695e+00 -6.843565702438354492e-01 1.000000000000000000e+00 3.000000000000000000e+00 1.900000000000000000e+01 1.900000000000000000e+01 9.000000000000000000e+00 3.000000000000000000e+00 1.600000000000000000e+01 3.000000000000000000e+00
3.539733976283193329e+01 -1.900015878102406219e+01 -2.889761678479841889e-01 3.000000000000000000e+00 5.800000000000000000e+01 -4.000000000000000000e+00 -8.750000000000000000e+00 -7.500000000000000000e-01 9.028288722038269043e-02 -4.034379869699478149e-02 1.000000000000000000e+00 3.000000000000000000e+00 2.000000000000000000e+01 2.000000000000000000e+01 4.000000000000000000e+00 3.000000000000000000e+00 1.600000000000000000e+01 3.000000000000000000e+00
4.123959206458724225e+01 -4.749276465409579262e-01 -3.512852538933478597e-01 1.000000000000000000e+00 5.900000000000000000e+01 7.000000000000000000e+00 -8.750000000000000000e+00 -7.500000000000000000e-01 -2.248741537332534790e-01 -4.784556222148239613e-04 1.000000000000000000e+00 3.000000000000000000e+00 1.900000000000000000e+01 1.900000000000000000e+01 0.000000000000000000e+00 1.000000000000000000e+00 1.600000000000000000e+01 3.000000000000000000e+00
3.636591091613851745e+01 -2.141301336472567840e+01 -2.898969490000231075e-01 3.000000000000000000e+00 6.000000000000000000e+01 -4.500000000000000000e+00 -8.750000000000000000e+00 -7.500000000000000000e-01 1.146399676799774170e-01 -5.650885030627250671e-02 1.000000000000000000e+00 3.000000000000000000e+00 2.000000000000000000e+01 2.000000000000000000e+01 4.000000000000000000e+00 3.000000000000000000e+00 1.600000000000000000e+01 3.000000000000000000e+00
4.158472656130405198e+01 -4.679788325632077139e+00 -3.458740853098696277e-01 3.000000000000000000e+00 6.100000000000000000e+01 1.100000000000000000e+01 -8.000000000000000000e+00 -7.500000000000000000e-01 5.865051746368408203e-01 -5.073146149516105652e-02 1.000000000000000000e+00 3.000000000000000000e+00 2.100000000000000000e+01 2.200000000000000000e+01 0.000000000000000000e+00 1.000000000000000000e+00 1.600000000000000000e+01 3.000000000000000000e+00
3.429822697505788653e+01 -2.658643619414960568e+01 -2.702174580631973577e-01 3.000000000000000000e+00 6.200000000000000000e+01 -2.000000000000000000e+00 -9.000000000000000000e+00 -7.500000000000000000e-01 4.317306447774171829e-03 -2.789151156321167946e-03 1.000000000000000000e+00 3.000000000000000000e+00 2.000000000000000000e+01 2.100000000000000000e+01 4.000000000000000000e+00 3.000000000000000000e+00 1.700000000000000000e+01 3.000000000000000000e+00
4.342371034030229282e+01 -1.703562750435858364e+00 -3.605888497365111744e-01 1.000000000000000000e+00 6.300000000000000000e+01 1.450000000000000000e+01 -8.750000000000000000e+00 -7.500000000000000000e-01 -2.066009640693664551e-01 4.619127605110406876e-03 1.000000000000000000e+00 3.000000000000000000e+00 1.900000000000000000e+01 1.900000000000000000e+01 0.000000000000000000e+00 1.000000000000000000e+00 1.600000000000000000e+01 3.000000000000000000e+00
4.259612416249136402e+01 1.150835517655211326e+01 -3.789330329112948759e-01 3.000000000000000000e+00 6.400000000000000000e+01 5.000000000000000000e+00 -8.500000000000000000e+00 -7.500000000000000000e-01 -1.501258611679077148e-01 -3.768720105290412903e-02 1.000000000000000000e+00 3.000000000000000000e+00 1.900000000000000000e+01 2.000000000000000000e+01 0.000000000000000000e+00 1.000000000000000000e+00 1.600000000000000000e+01 3.000000000000000000e+00
4.448627146637939234e+01 3.082957393660830991e+00 -3.743529389512524341e-01 0.000000000000000000e+00 6.500000000000000000e+01 4.000000000000000000e+00 7.500000000000000000e-01 0.000000000000000000e+00 9.227161407470703125e+00 6.800896525382995605e-01 1.000000000000000000e+00 0.000000000000000000e+00 1.900000000000000000e+01 1.900000000000000000e+01 6.000000000000000000e+00 6.000000000000000000e+00 1.600000000000000000e+01 3.000000000000000000e+00
4.430195547215413399e+01 4.285465948106106815e+00 -3.754531098348309337e-01 3.000000000000000000e+00 6.600000000000000000e+01 3.500000000000000000e+00 -8.750000000000000000e+00 -7.500000000000000000e-01 -2.932037413120269775e-01 -2.873397059738636017e-02 1.000000000000000000e+00 3.000000000000000000e+00 1.900000000000000000e+01 1.900000000000000000e+01 9.000000000000000000e+00 3.000000000000000000e+00 1.600000000000000000e+01 3.000000000000000000e+00
4.345920887465821636e+01 -1.430508151902642489e+01 -3.391534406794183276e-01 3.000000000000000000e+00 6.700000000000000000e+01 -3.500000000000000000e+00 -9.000000000000000000e+00 -7.500000000000000000e-01 -2.483917921781539917e-01 6.888598203659057617e-02 1.000000000000000000e+00 3.000000000000000000e+00 1.900000000000000000e+01 2.000000000000000000e+01 4.000000000000000000e+00 3.000000000000000000e+00 1.600000000000000000e+01 3.000000000000000000e+00
4.158105877699399855e+01 -2.028104771622879099e+01 -3.190872759055402019e-01 1.000000000000000000e+00 6.800000000000000000e+01 -2.000000000000000000e+00 -9.000000000000000000e+00 -7.500000000000000000e-01 -1.418727934360504150e-01 5.871626362204551697e-02 1.000000000000000000e+00 3.000000000000000000e+00 2.000000000000000000e+01 2.000000000000000000e+01 4.000000000000000000e+00 3.000000000000000000e+00 1.600000000000000000e+01 3.000000000000000000e+00
4.261490074753430690e+01 -1.769433630151682735e+01 -3.289270213739530213e-01 1.000000000000000000e+00 6.900000000000000000e+01 2.000000000000000000e+00 -9.000000000000000000e+00 -7.500000000000000000e-01 -1.888172775506973267e-01 6.643571704626083374e-02 1.000000000000000000e+00 3.000000000000000000e+00 2.000000000000000000e+01 2.000000000000000000e+01 0.000000000000000000e+00 1.000000000000000000e+00 1.600000000000000000e+01 3.000000000000000000e+00
4.704423958255667060e+01 -1.507294164096998901e-01 -3.821696904592032928e-01 0.000000000000000000e+00 7.000000000000000000e+01 -2.000000000000000000e+00 -7.500000000000000000e+00 0.000000000000000000e+00 1.026687026023864746e+00 9.722415357828140259e-03 1.000000000000000000e+00 3.000000000000000000e+00 2.000000000000000000e+01 2.000000000000000000e+01 4.000000000000000000e+00 3.000000000000000000e+00 1.600000000000000000e+01 3.000000000000000000e+00
4.791726304622869748e+01 5.438333787701082223e+00 -3.963204330294526900e-01 1.000000000000000000e+00 7.100000000000000000e+01 1.150000000000000000e+01 -8.500000000000000000e+00 -1.000000000000000000e+00 -8.509898185729980469e-02 -9.684771299362182617e-03 1.000000000000000000e+00 3.000000000000000000e+00 1.900000000000000000e+01 2.000000000000000000e+01 0.000000000000000000e+00 1.000000000000000000e+00 1.600000000000000000e+01 3.000000000000000000e+00
4.625059421445675412e+01 1.566096166160370018e+01 -4.051517329945836243e-01 3.000000000000000000e+00 7.200000000000000000e+01 -3.500000000000000000e+00 -8.500000000000000000e+00 -1.000000000000000000e+00 -2.597548961639404297e-01 -8.173754811286926270e-02 1.000000000000000000e+00 3.000000000000000000e+00 2.000000000000000000e+01 2.000000000000000000e+01 4.000000000000000000e+00 3.000000000000000000e+00 1.600000000000000000e+01 3.000000000000000000e+00
4.354225092777080874e+01 2.269693124993541389e+01 -4.030730136446099010e-01 3.000000000000000000e+00 7.300000000000000000e+01 4.000000000000000000e+00 -8.250000000000000000e+00 -7.500000000000000000e-01 -6.211818382143974304e-02 -2.953783050179481506e-02 1.000000000000000000e+00 3.000000000000000000e+00 2.000000000000000000e+01 2.000000000000000000e+01 0.000000000000000000e+00 1.000000000000000000e+00 1.600000000000000000e+01 3.000000000000000000e+00
4.533630201198714360e+01 -2.373039273999830456e+01 -3.327895534308117353e-01 1.000000000000000000e+00 7.400000000000000000e+01 1.100000000000000000e+01 -9.000000000000000000e+00 -7.500000000000000000e-01 -1.163013055920600891e-01 5.226770415902137756e-02 1.000000000000000000e+00 3.000000000000000000e+00 2.000000000000000000e+01 2.000000000000000000e+01 0.000000000000000000e+00 1.000000000000000000e+00 1.600000000000000000e+01 3.000000000000000000e+00
5.071176762473837130e+01 5.001791172083660086e+00 -4.101722049505344692e-01 0.000000000000000000e+00 7.500000000000000000e+01 -2.000000000000000000e+00 -4.000000000000000000e+00 0.000000000000000000e+00 4.481728553771972656e+00 4.529406726360321045e-01 1.000000000000000000e+00 1.000000000000000000e+00 1.900000000000000000e+01 2.000000000000000000e+01 4.000000000000000000e+00 3.000000000000000000e+00 1.600000000000000000e+01 3.000000000000000000e+00
3.339391748795023318e+01 4.203112364000680401e+01 -3.832222432712391047e-01 2.000000000000000000e+00 7.600000000000000000e+01 8.500000000000000000e+00 -1.075000000000000000e+01 0.000000000000000000e+00 -1.001038551330566406e+00 -1.102179884910583496e+00 1.000000000000000000e+00 1.000000000000000000e+00 2.100000000000000000e+01 2.100000000000000000e+01 0.000000000000000000e+00 1.000000000000000000e+00 1.800000000000000000e+01 3.000000000000000000e+00
4.654662367494653097e+01 -2.294613693915595931e+01 -3.404588339000549357e-01 1.000000000000000000e+00 7.700000000000000000e+01 1.500000000000000000e+00 -9.000000000000000000e+00 -1.000000000000000000e+00 -4.466950893402099609e-02 1.893783360719680786e-02 1.000000000000000000e+00 3.000000000000000000e+00 1.900000000000000000e+01 2.000000000000000000e+01 1.100000000000000000e+01 3.000000000000000000e+00 1.600000000000000000e+01 3.000000000000000000e+00
5.249853475150580095e+01 3.978364067747955701e+00 -4.177517981367214750e-01 1.000000000000000000e+00 7.800000000000000000e+01 5.000000000000000000e+00 -8.500000000000000000e+00 -1.000000000000000000e+00 -5.306676030158996582e-02 -4.285459872335195541e-03 1.000000000000000000e+00 3.000000000000000000e+00 1.900000000000000000e+01 1.900000000000000000e+01 0.000000000000000000e+00 1.000000000000000000e+00 1.600000000000000000e+01 3.000000000000000000e+00
5.300031539652782442e+01 1.177246193153105303e+01 -4.337461242417043894e-01 1.000000000000000000e+00 7.900000000000000000e+01 2.150000000000000000e+01 -8.500000000000000000e+00 -1.000000000000000000e+00 -1.768697649240493774e-01 -3.772819042205810547e-02 1.000000000000000000e+00 3.000000000000000000e+00 1.900000000000000000e+01 1.900000000000000000e+01 0.000000000000000000e+00 1.000000000000000000e+00 1.600000000000000000e+01 3.000000000000000000e+00
5.476358884092137203e+01 8.949190827215671717e+00 -4.381149097773754386e-01 1.000000000000000000e+00 8.000000000000000000e+01 2.500000000000000000e+00 -8.500000000000000000e+00 -1.000000000000000000e+00 -1.292862296104431152e-01 -2.076285332441329956e-02 1.000000000000000000e+00 3.000000000000000000e+00 2.100000000000000000e+01 2.100000000000000000e+01 0.000000000000000000e+00 1.000000000000000000e+00 1.600000000000000000e+01 3.000000000000000000e+00
5.421325169155741719e+01 1.275669917816761689e+01 -4.417721810858237785e-01 1.000000000000000000e+00 8.100000000000000000e+01 7.500000000000000000e+00 -8.500000000000000000e+00 -1.000000000000000000e+00 -1.876954287290573120e-01 -4.237271472811698914e-02 1.000000000000000000e+00 3.000000000000000000e+00 1.900000000000000000e+01 1.900000000000000000e+01 1.100000000000000000e+01 3.000000000000000000e+00 1.600000000000000000e+01 3.000000000000000000e+00
5.408376317820625445e+01 1.815884274216410788e+01 -4.503642812296355658e-01 3.000000000000000000e+00 8.200000000000000000e+01 -3.000000000000000000e+00 -8.250000000000000000e+00 -1.000000000000000000e+00 -3.443579748272895813e-02 -1.092007663100957870e-02 1.000000000000000000e+00 3.000000000000000000e+00 2.000000000000000000e+01 2.100000000000000000e+01 4.000000000000000000e+00 3.000000000000000000e+00 1.600000000000000000e+01 3.000000000000000000e+00
5.755547878113615923e+01 8.312666289008262765e+00 -4.516099044730023104e-01 1.000000000000000000e+00 8.300000000000000000e+01 1.150000000000000000e+01 -8.500000000000000000e+00 -1.000000000000000000e+00 -1.137840151786804199e-01 -1.638345792889595032e-02 1.000000000000000000e+00 3.000000000000000000e+00 1.900000000000000000e+01 2.000000000000000000e+01 9.000000000000000000e+00 3.000000000000000000e+00 1.600000000000000000e+01 3.000000000000000000e+00
5.722600927680116456e+01 1.371742252015119234e+01 -4.591616239794049092e-01 3.000000000000000000e+00 8.400000000000000000e+01 -3.500000000000000000e+00 -8.500000000000000000e+00 -1.000000000000000000e+00 -1.921171098947525024e-01 -4.435824975371360779e-02 1.000000000000000000e+00 3.000000000000000000e+00 2.000000000000000000e+01 2.100000000000000000e+01 9.000000000000000000e+00 3.000000000000000000e+00 1.600000000000000000e+01 3.000000000000000000e+00
5.936835423479706719e+01 9.289065584037990320e+00 -4.627570833857388988e-01 3.000000000000000000e+00 8.500000000000000000e+01 -2.500000000000000000e+00 -8.500000000000000000e+00 -1.000000000000000000e+00 -1.244451105594635010e-01 -1.933685503900051117e-02 1.000000000000000000e+00 3.000000000000000000e+00 2.000000000000000000e+01 2.100000000000000000e+01 1.100000000000000000e+01 3.000000000000000000e+00 1.600000000000000000e+01 3.000000000000000000e+00
6.134465901930103371e+01 7.463095062091366749e+00 -4.699500225784836172e-01 1.000000000000000000e+00 8.600000000000000000e+01 1.100000000000000000e+01 -8.500000000000000000e+00 -1.000000000000000000e+00 -9.474105387926101685e-02 -1.173657830804586411e-02 1.000000000000000000e+00 3.000000000000000000e+00 1.900000000000000000e+01 2.000000000000000000e+01 0.000000000000000000e+00 1.000000000000000000e+00 1.600000000000000000e+01 3.000000000000000000e+00
6.296016431217759646e+01 8.642089473485770057e+00 -4.804135790862345545e-01 1.000000000000000000e+00 8.700000000000000000e+01 1.000000000000000000e+01 -8.500000000000000000e+00 -1.250000000000000000e+00 -1.425702571868896484e-01 -1.974369585514068604e-02 1.000000000000000000e+00 3.000000000000000000e+00 1.900000000000000000e+01 2.000000000000000000e+01 0.000000000000000000e+00 1.000000000000000000e+00 1.600000000000000000e+01 3.000000000000000000e+00
6.376792077916073254e+01 9.231587106146259103e+00 -4.856453780342989690e-01 1.000000000000000000e+00 8.800000000000000000e+01 1.500000000000000000e+00 -8.500000000000000000e+00 -1.250000000000000000e+00 -1.508647352457046509e-01 -2.195582166314125061e-02 1.000000000000000000e+00 3.000000000000000000e+00 1.900000000000000000e+01 2.100000000000000000e+01 1.100000000000000000e+01 3.000000000000000000e+00 1.600000000000000000e+01 3.000000000000000000e+00
6.435635966288361942e+01 -6.977457583711998090e+00 -4.609094160013162411e-01 0.000000000000000000e+00 8.900000000000000000e+01 7.000000000000000000e+00 -1.000000000000000000e+00 0.000000000000000000e+00 7.469615459442138672e+00 -6.490691304206848145e-01 1.000000000000000000e+00 3.000000000000000000e+00 1.900000000000000000e+01 1.900000000000000000e+01 0.000000000000000000e+00 1.000000000000000000e+00 1.600000000000000000e+01 3.000000000000000000e+00
6.489053105117939424e+01 1.861770751582746186e+01 -5.076149136120544636e-01 1.000000000000000000e+00 9.000000000000000000e+01 6.000000000000000000e+00 -8.500000000000000000e+00 -1.250000000000000000e+00 -2.947260737419128418e-01 -8.163576573133468628e-02 1.000000000000000000e+00 3.000000000000000000e+00 1.900000000000000000e+01 2.000000000000000000e+01 0.000000000000000000e+00 1.000000000000000000e+00 1.600000000000000000e+01 3.000000000000000000e+00
6.853611167710992902e+01 6.769091142233170544e+00 -5.063332903779029781e-01 1.000000000000000000e+00 9.100000000000000000e+01 0.000000000000000000e+00 -8.500000000000000000e+00 -1.250000000000000000e+00 -1.011019349098205566e-01 -1.049171015620231628e-02 1.000000000000000000e+00 3.000000000000000000e+00 2.000000000000000000e+01 2.100000000000000000e+01 0.000000000000000000e+00 1.000000000000000000e+00 1.600000000000000000e+01 3.000000000000000000e+00
6.744588834026957613e+01 1.518403849493658164e+01 -5.150749073128713107e-01 3.000000000000000000e+00 9.200000000000000000e+01 -2.000000000000000000e+00 -8.500000000000000000e+00 -1.250000000000000000e+00 -2.357663661241531372e-01 -5.199778452515602112e-02 1.000000000000000000e+00 3.000000000000000000e+00 2.000000000000000000e+01 2.100000000000000000e+01 4.000000000000000000e+00 3.000000000000000000e+00 1.600000000000000000e+01 3.000000000000000000e+00
6.593220552476752516e+01 2.180436723178567249e+01 -5.185249354788952214e-01 3.000000000000000000e+00 9.300000000000000000e+01 -3.000000000000000000e+00 -8.500000000000000000e+00 -1.250000000000000000e+00 -3.343881070613861084e-01 -1.063110679388046265e-01 1.000000000000000000e+00 3.000000000000000000e+00 2.100000000000000000e+01 2.200000000000000000e+01 1.100000000000000000e+01 3.000000000000000000e+00 1.600000000000000000e+01 3.000000000000000000e+00
6.950729366061595726e+01 4.556219007749788830e+00 -5.076108297623653787e-01 1.000000000000000000e+00 9.400000000000000000e+01 0.000000000000000000e+00 -8.750000000000000000e+00 -1.250000000000000000e+00 -3.124682605266571045e-01 -2.285340055823326111e-02 1.000000000000000000e+00 3.000000000000000000e+00 2.000000000000000000e+01 2.100000000000000000e+01 4.000000000000000000e+00 3.000000000000000000e+00 1.600000000000000000e+01 3.000000000000000000e+00
6.949946116379284433e+01 3.956271183299312710e+00 -5.065405542145162698e-01 1.000000000000000000e+00 9.500000000000000000e+01 -1.000000000000000000e+00 -8.750000000000000000e+00 -1.250000000000000000e+00 -3.029436469078063965e-01 -1.973967999219894409e-02 1.000000000000000000e+00 3.000000000000000000e+00 2.000000000000000000e+01 2.100000000000000000e+01 4.000000000000000000e+00 3.000000000000000000e+00 1.600000000000000000e+01 3.000000000000000000e+00
6.694721928664426969e+01 -2.301264649581640853e+01 -4.469340185748482130e-01 1.000000000000000000e+00 9.600000000000000000e+01 7.000000000000000000e+00 -9.000000000000000000e+00 -1.250000000000000000e+00 -8.910184353590011597e-02 2.697466872632503510e-02 1.000000000000000000e+00 3.000000000000000000e+00 1.900000000000000000e+01 2.000000000000000000e+01 0.000000000000000000e+00 1.000000000000000000e+00 1.600000000000000000e+01 3.000000000000000000e+00
7.071240127314257506e+01 4.940508380103395325e+00 -5.145666309022457474e-01 3.000000000000000000e+00 9.700000000000000000e+01 -1.500000000000000000e+00 -8.500000000000000000e+00 -1.250000000000000000e+00 -6.880512833595275879e-02 -5.313485395163297653e-03 1.000000000000000000e+00 3.000000000000000000e+00 2.000000000000000000e+01 2.200000000000000000e+01 4.000000000000000000e+00 3.000000000000000000e+00 1.600000000000000000e+01 3.000000000000000000e+00
7.152798260208381009e+01 6.129953460083553907e+00 -5.208686648603602087e-01 3.000000000000000000e+00 9.800000000000000000e+01 -5.000000000000000000e+00 -8.250000000000000000e+00 -1.250000000000000000e+00 1.611086577177047729e-01 1.481698825955390930e-02 1.000000000000000000e+00 3.000000000000000000e+00 2.000000000000000000e+01 2.200000000000000000e+01 4.000000000000000000e+00 3.000000000000000000e+00 1.600000000000000000e+01 3.000000000000000000e+00
7.063773643568244154e+01 1.454228771867723857e+01 -5.306506417385487007e-01 3.000000000000000000e+00 9.900000000000000000e+01 -2.500000000000000000e+00 -8.500000000000000000e+00 -1.250000000000000000e+00 -2.169723212718963623e-01 -4.413479194045066833e-02 1.000000000000000000e+00 3.000000000000000000e+00 2.100000000000000000e+01 2.200000000000000000e+01 4.000000000000000000e+00 3.000000000000000000e+00 1.600000000000000000e+01 3.000000000000000000e+00
7.347817906280666023e+01 2.304156777169382497e+00 -5.244940187518447594e-01 3.000000000000000000e+00 1.000000000000000000e+02 -4.500000000000000000e+00 -8.500000000000000000e+00 -1.250000000000000000e+00 -2.500565350055694580e-02 -1.041902229189872742e-03 1.000000000000000000e+00 3.000000000000000000e+00 2.000000000000000000e+01 2.200000000000000000e+01 1.100000000000000000e+01 3.000000000000000000e+00 1.600000000000000000e+01 3.000000000000000000e+00
6.783224379887141708e+01 -3.182494517605079309e+01 -4.364385260823914758e-01 3.000000000000000000e+00 1.010000000000000000e+02 5.000000000000000000e-01 -9.000000000000000000e+00 -1.250000000000000000e+00 3.862321749329566956e-02 -1.612780056893825531e-02 1.000000000000000000e+00 3.000000000000000000e+00 2.100000000000000000e+01 2.200000000000000000e+01 0.000000000000000000e+00 1.000000000000000000e+00 1.600000000000000000e+01 3.000000000000000000e+00
7.521273335010722860e+01 -2.718923175729667463e+00 -5.249384603285427442e-01 3.000000000000000000e+00 1.020000000000000000e+02 1.650000000000000000e+01 -8.750000000000000000e+00 -1.250000000000000000e+00 -1.971404850482940674e-01 4.137516021728515625e-03 1.000000000000000000e+00 3.000000000000000000e+00 1.900000000000000000e+01 1.900000000000000000e+01 0.000000000000000000e+00 1.000000000000000000e+00 1.600000000000000000e+01 3.000000000000000000e+00
6.820870827169562745e+01 -3.363001541408240769e+01 -4.353084581619262039e-01 3.000000000000000000e+00 1.030000000000000000e+02 0.000000000000000000e+00 -9.000000000000000000e+00 -1.250000000000000000e+00 6.086212396621704102e-02 -2.674988470971584320e-02 1.000000000000000000e+00 3.000000000000000000e+00 2.100000000000000000e+01 2.200000000000000000e+01 4.000000000000000000e+00 3.000000000000000000e+00 1.600000000000000000e+01 3.000000000000000000e+00
7.508168713078528356e+01 1.788451373827012603e+01 -5.596038314417801640e-01 3.000000000000000000e+00 1.040000000000000000e+02 2.500000000000000000e+00 -8.500000000000000000e+00 -1.250000000000000000e+00 -2.507645189762115479e-01 -5.880209803581237793e-02 1.000000000000000000e+00 3.000000000000000000e+00 2.000000000000000000e+01 2.100000000000000000e+01 0.000000000000000000e+00 1.000000000000000000e+00 1.600000000000000000e+01 3.000000000000000000e+00
7.707260760836399527e+01 1.857163731364088521e+00 -5.425073136478524294e-01 3.000000000000000000e+00 1.050000000000000000e+02 -2.000000000000000000e+00 -8.750000000000000000e+00 -1.250000000000000000e+00 -2.664713859558105469e-01 -9.332934394478797913e-03 1.000000000000000000e+00 3.000000000000000000e+00 2.000000000000000000e+01 2.200000000000000000e+01 4.000000000000000000e+00 3.000000000000000000e+00 1.600000000000000000e+01 3.000000000000000000e+00
7.081889305722167194e+01 -3.286404823343265491e+01 -4.502603832494230240e-01 3.000000000000000000e+00 1.060000000000000000e+02 -1.000000000000000000e+00 -9.000000000000000000e+00 -1.250000000000000000e+00 3.523382171988487244e-02 -1.459686830639839172e-02 1.000000000000000000e+00 3.000000000000000000e+00 2.100000000000000000e+01 2.200000000000000000e+01 4.000000000000000000e+00 3.000000000000000000e+00 1.600000000000000000e+01 3.000000000000000000e+00
7.773520674780490936e+01 6.648908852156829141e+00 -5.541906409498413844e-01 3.000000000000000000e+00 1.070000000000000000e+02 3.500000000000000000e+00 -8.500000000000000000e+00 -1.500000000000000000e+00 -1.101150438189506531e-01 -1.016649603843688965e-02 1.000000000000000000e+00 3.000000000000000000e+00 1.900000000000000000e+01 2.000000000000000000e+01 0.000000000000000000e+00 1.000000000000000000e+00 1.600000000000000000e+01 3.000000000000000000e+00
7.820199344176930367e+01 -3.558043545495404025e+00 -5.391170761532870781e-01 3.000000000000000000e+00 1.080000000000000000e+02 6.000000000000000000e+00 -8.750000000000000000e+00 -1.500000000000000000e+00 -1.787297725677490234e-01 5.319338757544755936e-03 1.000000000000000000e+00 3.000000000000000000e+00 1.900000000000000000e+01 2.000000000000000000e+01 9.000000000000000000e+00 3.000000000000000000e+00 1.600000000000000000e+01 3.000000000000000000e+00
7.223181034323508243e+01 -3.188242365394252431e+01 -4.593268207309515461e-01 3.000000000000000000e+00 1.090000000000000000e+02 3.500000000000000000e+00 -9.000000000000000000e+00 -1.250000000000000000e+00 1.406422909349203110e-02 -5.543171428143978119e-03 1.000000000000000000e+00 3.000000000000000000e+00 2.000000000000000000e+01 2.200000000000000000e+01 0.000000000000000000e+00 1.000000000000000000e+00 1.600000000000000000e+01 3.000000000000000000e+00
7.323171148383408990e+01 -3.189548693984223959e+01 -4.645287040743870111e-01 3.000000000000000000e+00 1.100000000000000000e+02 -1.000000000000000000e+00 -9.000000000000000000e+00 -1.250000000000000000e+00 8.757555857300758362e-03 -3.408166812732815742e-03 1.000000000000000000e+00 3.000000000000000000e+00 2.100000000000000000e+01 2.200000000000000000e+01 1.100000000000000000e+01 3.000000000000000000e+00 1.600000000000000000e+01 3.000000000000000000e+00
7.809183389827899191e+01 1.864525558462700516e+01 -5.766365178040951944e-01 3.000000000000000000e+00 1.110000000000000000e+02 3.500000000000000000e+00 -8.500000000000000000e+00 -1.500000000000000000e+00 -3.078067004680633545e-01 -7.253340631723403931e-02 1.000000000000000000e+00 3.000000000000000000e+00 2.000000000000000000e+01 2.100000000000000000e+01 0.000000000000000000e+00 1.000000000000000000e+00 1.600000000000000000e+01 3.000000000000000000e+00
8.305634945519943813e+01 5.788881286669717019e-01 -5.715780621874774203e-01 3.000000000000000000e+00 1.120000000000000000e+02 1.250000000000000000e+01 -8.750000000000000000e+00 -1.500000000000000000e+00 -2.517674267292022705e-01 -4.819871857762336731e-03 1.000000000000000000e+00 3.000000000000000000e+00 1.900000000000000000e+01 2.100000000000000000e+01 0.000000000000000000e+00 1.000000000000000000e+00 1.600000000000000000e+01 3.000000000000000000e+00
7.847818935688083286e+01 -2.836372808636037135e+01 -4.980001365736154706e-01 3.000000000000000000e+00 1.130000000000000000e+02 -1.000000000000000000e+00 -9.250000000000000000e+00 -1.500000000000000000e+00 -2.190031409263610840e-01 7.067123055458068848e-02 1.000000000000000000e+00 3.000000000000000000e+00 2.000000000000000000e+01 2.200000000000000000e+01 4.000000000000000000e+00 3.000000000000000000e+00 1.600000000000000000e+01 3.000000000000000000e+00
8.091972692813679657e+01 -2.519535889777782955e+01 -5.161927996563949739e-01 3.000000000000000000e+00 1.140000000000000000e+02 -1.500000000000000000e+00 -9.000000000000000000e+00 -1.500000000000000000e+00 -5.569707602262496948e-02 1.542872935533523560e-02 1.000000000000000000e+00 3.000000000000000000e+00 2.000000000000000000e+01 2.200000000000000000e+01 4.000000000000000000e+00 3.000000000000000000e+00 1.600000000000000000e+01 3.000000000000000000e+00
8.503787590710514621e+01 -8.471169584479404380e-01 -5.794845188019701610e-01 3.000000000000000000e+00 1.150000000000000000e+02 3.500000000000000000e+00 -8.750000000000000000e+00 -1.500000000000000000e+00 -2.282225191593170166e-01 -7.540392107330262661e-04 1.000000000000000000e+00 3.000000000000000000e+00 1.900000000000000000e+01 2.100000000000000000e+01 0.000000000000000000e+00 1.000000000000000000e+00 1.600000000000000000e+01 3.000000000000000000e+00
8.296130254232392076e+01 -2.202176246771933421e+01 -5.323047048666711412e-01 3.000000000000000000e+00 1.160000000000000000e+02 0.000000000000000000e+00 -9.000000000000000000e+00 -1.500000000000000000e+00 -1.164848878979682922e-01 2.735431492328643799e-02 1.000000000000000000e+00 3.000000000000000000e+00 2.100000000000000000e+01 2.200000000000000000e+01 4.000000000000000000e+00 3.000000000000000000e+00 1.600000000000000000e+01 3.000000000000000000e+00
8.180374226443028363e+01 2.719747976684592672e+01 -6.107039058053300717e-01 3.000000000000000000e+00 1.170000000000000000e+02 1.300000000000000000e+01 -8.250000000000000000e+00 -1.500000000000000000e+00 -1.877615600824356079e-01 -6.093638017773628235e-02 1.000000000000000000e+00 3.000000000000000000e+00 1.900000000000000000e+01 2.100000000000000000e+01 0.000000000000000000e+00 1.000000000000000000e+00 1.600000000000000000e+01 3.000000000000000000e+00
8.724809869587984679e+01 -7.592557589525802952e-02 -5.923556805945243697e-01 3.000000000000000000e+00 1.180000000000000000e+02 1.500000000000000000e+01 -8.750000000000000000e+00 -1.500000000000000000e+00 -2.409106045961380005e-01 -2.849480370059609413e-03 1.000000000000000000e+00 3.000000000000000000e+00 1.900000000000000000e+01 2.100000000000000000e+01 0.000000000000000000e+00 1.000000000000000000e+00 1.600000000000000000e+01 3.000000000000000000e+00
8.779059953565672458e+01 -4.483381582266256160e+00 -5.876281141072614567e-01 3.000000000000000000e+00 1.190000000000000000e+02 2.300000000000000000e+01 -8.750000000000000000e+00 -1.500000000000000000e+00 -1.704785376787185669e-01 6.010461598634719849e-03 1.000000000000000000e+00 3.000000000000000000e+00 1.900000000000000000e+01 2.000000000000000000e+01 0.000000000000000000e+00 1.000000000000000000e+00 1.600000000000000000e+01 3.000000000000000000e+00
9.023735878676383493e+01 -9.150460052604655337e-01 -6.065342963129464193e-01 3.000000000000000000e+00 1.200000000000000000e+02 2.250000000000000000e+01 -8.750000000000000000e+00 -1.500000000000000000e+00 -2.279568910598754883e-01 -7.123653194867074490e-04 1.000000000000000000e+00 3.000000000000000000e+00 1.900000000000000000e+01 2.100000000000000000e+01 1.500000000000000000e+01 1.000000000000000000e+00 1.600000000000000000e+01 3.000000000000000000e+00
8.776137579993401516e+01 2.391937895677279968e+01 -6.362070707448523876e-01 3.000000000000000000e+00 1.210000000000000000e+02 2.500000000000000000e+00 -8.250000000000000000e+00 -1.500000000000000000e+00 -1.166711822152137756e-01 -3.142110258340835571e-02 1.000000000000000000e+00 3.000000000000000000e+00 2.000000000000000000e+01 2.200000000000000000e+01 0.000000000000000000e+00 1.000000000000000000e+00 1.600000000000000000e+01 3.000000000000000000e+00
9.305536086118945605e+01 4.482552696698373085e-01 -6.235968956218320702e-01 3.000000000000000000e+00 1.220000000000000000e+02 4.000000000000000000e+00 -8.750000000000000000e+00 -1.500000000000000000e+00 -2.488950490951538086e-01 -4.282607231289148331e-03 1.000000000000000000e+00 3.000000000000000000e+00 2.000000000000000000e+01 2.200000000000000000e+01 1.500000000000000000e+01 1.000000000000000000e+00 1.600000000000000000e+01 3.000000000000000000e+00
9.116365202144872626e+01 2.407494526040748184e+01 -6.542502385812429821e-01 3.000000000000000000e+00 1.230000000000000000e+02 1.000000000000000000e+00 -8.250000000000000000e+00 -1.500000000000000000e+00 -1.067572906613349915e-01 -2.796024270355701447e-02 1.000000000000000000e+00 3.000000000000000000e+00 2.000000000000000000e+01 2.200000000000000000e+01 0.000000000000000000e+00 1.000000000000000000e+00 1.600000000000000000e+01 3.000000000000000000e+00
9.438994553788208464e+01 -4.569599249271372621e+00 -6.219605362364915013e-01 3.000000000000000000e+00 1.240000000000000000e+02 8.000000000000000000e+00 -8.750000000000000000e+00 -1.750000000000000000e+00 -1.657424867153167725e-01 5.458585452288389206e-03 1.000000000000000000e+00 3.000000000000000000e+00 1.900000000000000000e+01 2.100000000000000000e+01 1.100000000000000000e+01 3.000000000000000000e+00 1.600000000000000000e+01 3.000000000000000000e+00
