7.090589729772132088e-01 2.681862676478814489e+00 -3.434176248378379565e-02 1.000000000000000000e+00 0.000000000000000000e+00 2.000000000000000000e+00 -8.500000000000000000e+00 0.000000000000000000e+00 -1.378926783800125122e-01 -1.431962400674819946e-01 1.000000000000000000e+00 3.000000000000000000e+00 1.900000000000000000e+01 1.900000000000000000e+01 0.000000000000000000e+00 1.000000000000000000e+00 1.700000000000000000e+01 3.000000000000000000e+00
9.080028194063021196e-01 2.480813626041335151e+00 -3.352724841735059413e-02 1.000000000000000000e+00 1.000000000000000000e+00 -4.000000000000000000e+00 -8.250000000000000000e+00 0.000000000000000000e+00 -2.041398547589778900e-02 -1.822677254676818848e-02 1.000000000000000000e+00 3.000000000000000000e+00 1.900000000000000000e+01 1.900000000000000000e+01 0.000000000000000000e+00 1.000000000000000000e+00 1.700000000000000000e+01 3.000000000000000000e+00
7.101123502350308314e-01 2.881858829174556824e+00 -3.501137187930601635e-02 1.000000000000000000e+00 2.000000000000000000e+00 1.000000000000000000e+00 -8.250000000000000000e+00 0.000000000000000000e+00 -1.628670282661914825e-02 -1.816594041883945465e-02 1.000000000000000000e+00 3.000000000000000000e+00 1.900000000000000000e+01 1.900000000000000000e+01 0.000000000000000000e+00 1.000000000000000000e+00 1.700000000000000000e+01 3.000000000000000000e+00
9.090561966641197422e-01 2.680809778737077931e+00 -3.419685781287281484e-02 1.000000000000000000e+00 3.000000000000000000e+00 -3.000000000000000000e+00 -8.500000000000000000e+00 0.000000000000000000e+00 -1.485313028097152710e-01 -1.432266235351562500e-01 1.000000000000000000e+00 3.000000000000000000e+00 1.900000000000000000e+01 1.900000000000000000e+01 0.000000000000000000e+00 1.000000000000000000e+00 1.700000000000000000e+01 3.000000000000000000e+00
7.111657262371249288e-01 3.081854743456363455e+00 -3.568098047659182259e-02 1.000000000000000000e+00 4.000000000000000000e+00 -4.500000000000000000e+00 -8.250000000000000000e+00 0.000000000000000000e+00 -1.507299486547708511e-02 -1.797164790332317352e-02 1.000000000000000000e+00 3.000000000000000000e+00 2.000000000000000000e+01 2.000000000000000000e+01 0.000000000000000000e+00 1.000000000000000000e+00 1.800000000000000000e+01 3.000000000000000000e+00
2.913241702893516916e+00 3.470265174943897968e+00 -3.542624806035528373e-02 1.000000000000000000e+00 5.000000000000000000e+00 -1.500000000000000000e+00 -8.250000000000000000e+00 -2.500000000000000000e-01 -1.430329084396362305e-01 -1.042948141694068909e-01 1.000000000000000000e+00 3.000000000000000000e+00 1.900000000000000000e+01 1.900000000000000000e+01 0.000000000000000000e+00 1.000000000000000000e+00 1.700000000000000000e+01 3.000000000000000000e+00
4.113224568184528529e+00 3.463947791003781695e+00 -3.455682038036898135e-02 3.000000000000000000e+00 6.000000000000000000e+00 2.000000000000000000e+00 -8.250000000000000000e+00 -2.500000000000000000e-01 -1.363253891468048096e-01 -7.952313870191574097e-02 1.000000000000000000e+00 3.000000000000000000e+00 1.900000000000000000e+01 1.900000000000000000e+01 0.000000000000000000e+00 1.000000000000000000e+00 1.700000000000000000e+01 3.000000000000000000e+00
6.054207216854058160e+00 -7.746362873897632007e+00 4.390342553668630243e-03 1.000000000000000000e+00 7.000000000000000000e+00 -2.000000000000000000e+00 -8.500000000000000000e+00 -2.500000000000000000e-01 -2.451083809137344360e-02 2.359168231487274170e-02 1.000000000000000000e+00 3.000000000000000000e+00 1.900000000000000000e+01 1.900000000000000000e+01 0.000000000000000000e+00 1.000000000000000000e+00 1.700000000000000000e+01 3.000000000000000000e+00
6.253150823612211084e+00 -7.947412161493895510e+00 5.204857245598451532e-03 1.000000000000000000e+00 8.000000000000000000e+00 -2.000000000000000000e+00 -8.500000000000000000e+00 -2.500000000000000000e-01 -2.437020651996135712e-02 2.347861230373382568e-02 1.000000000000000000e+00 3.000000000000000000e+00 1.900000000000000000e+01 1.900000000000000000e+01 0.000000000000000000e+00 1.000000000000000000e+00 1.700000000000000000e+01 3.000000000000000000e+00
6.853142733088141370e+00 -7.950570855974256723e+00 5.639571431071174756e-03 1.000000000000000000e+00 9.000000000000000000e+00 -1.000000000000000000e+00 -8.500000000000000000e+00 -2.500000000000000000e-01 -3.509087860584259033e-02 3.150203824043273926e-02 1.000000000000000000e+00 3.000000000000000000e+00 1.900000000000000000e+01 1.900000000000000000e+01 0.000000000000000000e+00 1.000000000000000000e+00 1.700000000000000000e+01 3.000000000000000000e+00
7.452080310389682438e+00 -8.153725936543690267e+00 6.743895119343382150e-03 1.000000000000000000e+00 1.000000000000000000e+01 4.000000000000000000e+00 -8.500000000000000000e+00 -2.500000000000000000e-01 -4.152263328433036804e-02 3.578014671802520752e-02 1.000000000000000000e+00 3.000000000000000000e+00 1.900000000000000000e+01 1.900000000000000000e+01 0.000000000000000000e+00 1.000000000000000000e+00 1.700000000000000000e+01 3.000000000000000000e+00
8.851007738611142983e+00 -8.361092136272803899e+00 8.427836585745834830e-03 1.000000000000000000e+00 1.100000000000000000e+01 4.000000000000000000e+00 -8.500000000000000000e+00 -2.500000000000000000e-01 -6.009804457426071167e-02 4.618645831942558289e-02 1.000000000000000000e+00 3.000000000000000000e+00 1.900000000000000000e+01 1.900000000000000000e+01 0.000000000000000000e+00 1.000000000000000000e+00 1.700000000000000000e+01 3.000000000000000000e+00
7.845754973558459966e+00 -9.355808173884049950e+00 1.105135958330541457e-02 1.000000000000000000e+00 1.200000000000000000e+01 -4.000000000000000000e+00 -8.500000000000000000e+00 -2.500000000000000000e-01 -2.661887370049953461e-02 2.526076883077621460e-02 1.000000000000000000e+00 3.000000000000000000e+00 1.900000000000000000e+01 1.900000000000000000e+01 0.000000000000000000e+00 1.000000000000000000e+00 1.700000000000000000e+01 3.000000000000000000e+00
1.153524061499869724e+01 7.624908600396806513e+00 -4.325714242610541327e-02 3.000000000000000000e+00 1.300000000000000000e+01 -3.500000000000000000e+00 -8.250000000000000000e+00 -2.500000000000000000e-01 -1.357266455888748169e-01 -7.799217849969863892e-02 1.000000000000000000e+00 3.000000000000000000e+00 1.900000000000000000e+01 1.900000000000000000e+01 0.000000000000000000e+00 1.000000000000000000e+00 1.700000000000000000e+01 3.000000000000000000e+00
1.125202684519526386e+01 -8.173730989871229369e+00 9.497083348432619476e-03 3.000000000000000000e+00 1.400000000000000000e+01 8.500000000000000000e+00 -8.500000000000000000e+00 -2.500000000000000000e-01 -9.750209748744964600e-02 5.983083322644233704e-02 1.000000000000000000e+00 3.000000000000000000e+00 1.900000000000000000e+01 1.900000000000000000e+01 0.000000000000000000e+00 1.000000000000000000e+00 1.700000000000000000e+01 3.000000000000000000e+00
1.245095633448417871e+01 -8.380044288093152716e+00 1.103611962570472810e-02 1.000000000000000000e+00 1.500000000000000000e+01 1.150000000000000000e+01 -8.500000000000000000e+00 -2.500000000000000000e-01 -1.077185422182083130e-01 6.208777427673339844e-02 1.000000000000000000e+00 3.000000000000000000e+00 1.900000000000000000e+01 1.900000000000000000e+01 0.000000000000000000e+00 1.000000000000000000e+00 1.600000000000000000e+01 3.000000000000000000e+00
9.368979936915637907e+00 1.403636640439847127e+01 -6.627859075167222280e-02 2.000000000000000000e+00 1.600000000000000000e+01 2.500000000000000000e+00 -1.025000000000000000e+01 0.000000000000000000e+00 -7.878289222717285156e-01 -9.918204545974731445e-01 1.000000000000000000e+00 1.000000000000000000e+00 2.000000000000000000e+01 2.000000000000000000e+01 1.600000000000000000e+01 1.000000000000000000e+00 1.800000000000000000e+01 3.000000000000000000e+00
1.405093412397942920e+01 -8.388467470027045181e+00 1.219535699299256065e-02 1.000000000000000000e+00 1.700000000000000000e+01 7.000000000000000000e+00 -8.500000000000000000e+00 -2.500000000000000000e-01 -1.244024336338043213e-01 6.453376263380050659e-02 1.000000000000000000e+00 3.000000000000000000e+00 1.900000000000000000e+01 1.900000000000000000e+01 1.100000000000000000e+01 3.000000000000000000e+00 1.600000000000000000e+01 3.000000000000000000e+00
1.344462195346803846e+01 -9.585285214893266570e+00 1.577829758418033274e-02 1.000000000000000000e+00 1.800000000000000000e+01 -1.000000000000000000e+00 -8.500000000000000000e+00 -2.500000000000000000e-01 -9.663382917642593384e-02 5.961178243160247803e-02 1.000000000000000000e+00 3.000000000000000000e+00 1.900000000000000000e+01 1.900000000000000000e+01 0.000000000000000000e+00 1.000000000000000000e+00 1.700000000000000000e+01 3.000000000000000000e+00
1.136263143089592198e+01 1.282586003648908246e+01 -6.081188641843586484e-02 3.000000000000000000e+00 1.900000000000000000e+01 1.500000000000000000e+00 -8.750000000000000000e+00 -2.500000000000000000e-01 -3.994519114494323730e-01 -3.903734385967254639e-01 1.000000000000000000e+00 3.000000000000000000e+00 1.900000000000000000e+01 1.900000000000000000e+01 1.600000000000000000e+01 1.000000000000000000e+00 1.700000000000000000e+01 3.000000000000000000e+00
1.484354842802865093e+01 -9.792651409601775825e+00 1.746223835962362747e-02 1.000000000000000000e+00 2.000000000000000000e+01 9.000000000000000000e+00 -8.500000000000000000e+00 -2.500000000000000000e-01 -1.074402332305908203e-01 6.203394383192062378e-02 1.000000000000000000e+00 3.000000000000000000e+00 1.900000000000000000e+01 1.900000000000000000e+01 0.000000000000000000e+00 1.000000000000000000e+00 1.600000000000000000e+01 3.000000000000000000e+00
1.645089985456145598e+01 -8.401102237907277726e+00 1.393421235296515848e-02 1.000000000000000000e+00 2.100000000000000000e+01 5.500000000000000000e+00 -8.500000000000000000e+00 -2.500000000000000000e-01 -1.452061086893081665e-01 6.550058722496032715e-02 1.000000000000000000e+00 3.000000000000000000e+00 1.900000000000000000e+01 1.900000000000000000e+01 0.000000000000000000e+00 1.000000000000000000e+00 1.600000000000000000e+01 3.000000000000000000e+00
1.724456944193447328e+01 -9.605290273241413601e+00 1.853148650422872107e-02 1.000000000000000000e+00 2.200000000000000000e+01 4.000000000000000000e+00 -8.500000000000000000e+00 -2.500000000000000000e-01 -1.316292285919189453e-01 6.512904912233352661e-02 1.000000000000000000e+00 3.000000000000000000e+00 1.900000000000000000e+01 1.900000000000000000e+01 0.000000000000000000e+00 1.000000000000000000e+00 1.600000000000000000e+01 3.000000000000000000e+00
1.886350610972584008e+01 -6.013783650266470993e+00 7.637756563143929811e-03 0.000000000000000000e+00 2.300000000000000000e+01 1.550000000000000000e+01 -6.250000000000000000e+00 0.000000000000000000e+00 1.816429972648620605e+00 -5.152373909950256348e-01 1.000000000000000000e+00 3.000000000000000000e+00 1.900000000000000000e+01 1.900000000000000000e+01 0.000000000000000000e+00 1.000000000000000000e+00 1.600000000000000000e+01 3.000000000000000000e+00
1.844876486259590465e+01 -8.811623041377952603e+00 1.672247591116698961e-02 1.000000000000000000e+00 2.400000000000000000e+01 -2.500000000000000000e+00 -8.500000000000000000e+00 -2.500000000000000000e-01 -1.530541628599166870e-01 6.527309864759445190e-02 1.000000000000000000e+00 3.000000000000000000e+00 2.000000000000000000e+01 1.900000000000000000e+01 0.000000000000000000e+00 1.000000000000000000e+00 1.600000000000000000e+01 3.000000000000000000e+00
1.864981617753054266e+01 -8.612680028603337590e+00 1.619777250301152050e-02 1.000000000000000000e+00 2.500000000000000000e+01 -3.500000000000000000e+00 -8.500000000000000000e+00 -2.500000000000000000e-01 -1.575256735086441040e-01 6.499845534563064575e-02 1.000000000000000000e+00 3.000000000000000000e+00 2.000000000000000000e+01 1.900000000000000000e+01 4.000000000000000000e+00 3.000000000000000000e+00 1.600000000000000000e+01 3.000000000000000000e+00
1.676044900319256570e+01 1.239743997266403674e+01 -5.556024362748718248e-02 0.000000000000000000e+00 2.600000000000000000e+01 -3.000000000000000000e+00 -6.750000000000000000e+00 -2.500000000000000000e-01 8.922062516212463379e-01 5.996009707450866699e-01 1.000000000000000000e+00 3.000000000000000000e+00 1.900000000000000000e+01 2.000000000000000000e+01 1.600000000000000000e+01 1.000000000000000000e+00 1.700000000000000000e+01 3.000000000000000000e+00
1.966244258213222196e+01 -6.217991160535830453e+00 8.886984535032803334e-03 0.000000000000000000e+00 2.700000000000000000e+01 5.500000000000000000e+00 -6.250000000000000000e+00 0.000000000000000000e+00 1.817618370056152344e+00 -5.133088231086730957e-01 1.000000000000000000e+00 3.000000000000000000e+00 1.900000000000000000e+01 1.900000000000000000e+01 1.100000000000000000e+01 3.000000000000000000e+00 1.600000000000000000e+01 3.000000000000000000e+00
1.884349194810592465e+01 -9.813709359415899058e+00 2.036033108688405785e-02 1.000000000000000000e+00 2.800000000000000000e+01 -3.000000000000000000e+00 -8.500000000000000000e+00 -2.500000000000000000e-01 -1.404106467962265015e-01 6.547996401786804199e-02 1.000000000000000000e+00 3.000000000000000000e+00 2.000000000000000000e+01 1.900000000000000000e+01 1.100000000000000000e+01 3.000000000000000000e+00 1.600000000000000000e+01 3.000000000000000000e+00
1.984874471315860944e+01 -8.818993321804654784e+00 1.773680808932447811e-02 1.000000000000000000e+00 2.900000000000000000e+01 1.500000000000000000e+00 -8.500000000000000000e+00 -5.000000000000000000e-01 -7.586736232042312622e-02 3.027734160423278809e-02 1.000000000000000000e+00 3.000000000000000000e+00 1.900000000000000000e+01 1.900000000000000000e+01 0.000000000000000000e+00 1.000000000000000000e+00 1.600000000000000000e+01 3.000000000000000000e+00
2.132983649854767449e+01 6.573336092262696440e+00 -3.280876823579169377e-02 1.000000000000000000e+00 3.000000000000000000e+01 1.000000000000000000e+00 -8.250000000000000000e+00 -5.000000000000000000e-01 -1.674917489290237427e-01 -4.837046191096305847e-02 1.000000000000000000e+00 3.000000000000000000e+00 1.900000000000000000e+01 1.900000000000000000e+01 0.000000000000000000e+00 1.000000000000000000e+00 1.600000000000000000e+01 3.000000000000000000e+00
2.193614676424881083e+01 7.770154323998003321e+00 -3.639171180537059680e-02 1.000000000000000000e+00 3.100000000000000000e+01 5.000000000000000000e-01 -8.250000000000000000e+00 -5.000000000000000000e-01 -1.828561872243881226e-01 -6.069596484303474426e-02 1.000000000000000000e+00 3.000000000000000000e+00 1.900000000000000000e+01 1.900000000000000000e+01 0.000000000000000000e+00 1.000000000000000000e+00 1.600000000000000000e+01 3.000000000000000000e+00
2.175089800922452099e+01 1.057115239954863384e+01 -4.591114395694807782e-02 1.000000000000000000e+00 3.200000000000000000e+01 2.000000000000000000e+00 -8.250000000000000000e+00 -5.000000000000000000e-01 -2.186998724937438965e-01 -9.915629774332046509e-02 1.000000000000000000e+00 3.000000000000000000e+00 1.900000000000000000e+01 1.900000000000000000e+01 0.000000000000000000e+00 1.000000000000000000e+00 1.600000000000000000e+01 3.000000000000000000e+00
1.679611821774410885e+01 -1.880300606374757066e+01 4.904370353057170562e-02 1.000000000000000000e+00 3.300000000000000000e+01 -1.000000000000000000e+00 -8.500000000000000000e+00 -2.500000000000000000e-01 -1.970063336193561554e-02 1.959584467113018036e-02 1.000000000000000000e+00 3.000000000000000000e+00 2.000000000000000000e+01 2.000000000000000000e+01 1.600000000000000000e+01 1.000000000000000000e+00 1.800000000000000000e+01 3.000000000000000000e+00
2.215931899783044656e+01 1.216901582814140426e+01 -5.097821012478345737e-02 3.000000000000000000e+00 3.400000000000000000e+01 2.000000000000000000e+00 -8.250000000000000000e+00 -5.000000000000000000e-01 -2.321884334087371826e-01 -1.189965680241584778e-01 1.000000000000000000e+00 3.000000000000000000e+00 1.900000000000000000e+01 1.900000000000000000e+01 0.000000000000000000e+00 1.000000000000000000e+00 1.600000000000000000e+01 3.000000000000000000e+00
2.531292598752276035e+01 3.352340652972434665e+00 -1.919692837312139341e-02 1.000000000000000000e+00 3.500000000000000000e+01 -2.500000000000000000e+00 -8.000000000000000000e+00 -5.000000000000000000e-01 1.460792869329452515e-01 1.879696920514106750e-02 1.000000000000000000e+00 3.000000000000000000e+00 2.000000000000000000e+01 1.900000000000000000e+01 9.000000000000000000e+00 3.000000000000000000e+00 1.600000000000000000e+01 3.000000000000000000e+00
2.355403196335978677e+01 1.116166502264992566e+01 -4.661583176725127287e-02 1.000000000000000000e+00 3.600000000000000000e+01 4.500000000000000000e+00 -8.250000000000000000e+00 -5.000000000000000000e-01 -2.165485620498657227e-01 -9.633854031562805176e-02 1.000000000000000000e+00 3.000000000000000000e+00 1.900000000000000000e+01 1.900000000000000000e+01 0.000000000000000000e+00 1.000000000000000000e+00 1.600000000000000000e+01 3.000000000000000000e+00
2.670342544527655448e+01 1.545005475111922655e+00 -1.215611323173674228e-02 0.000000000000000000e+00 3.700000000000000000e+01 2.100000000000000000e+01 -3.750000000000000000e+00 0.000000000000000000e+00 4.447081089019775391e+00 2.643370032310485840e-01 1.000000000000000000e+00 3.000000000000000000e+00 1.900000000000000000e+01 1.900000000000000000e+01 0.000000000000000000e+00 1.000000000000000000e+00 1.600000000000000000e+01 3.000000000000000000e+00
2.675398754235028775e+01 1.114481865878214073e+01 -4.429735703267560776e-02 1.000000000000000000e+00 3.800000000000000000e+01 -1.000000000000000000e+00 -8.250000000000000000e+00 -5.000000000000000000e-01 -2.028788924217224121e-01 -8.015844225883483887e-02 1.000000000000000000e+00 3.000000000000000000e+00 2.000000000000000000e+01 2.000000000000000000e+01 0.000000000000000000e+00 1.000000000000000000e+00 1.600000000000000000e+01 3.000000000000000000e+00
2.832341739764744304e+01 5.336508240741394182e+00 -2.371945118642544703e-02 1.000000000000000000e+00 3.900000000000000000e+01 1.700000000000000000e+01 -8.250000000000000000e+00 -5.000000000000000000e-01 -1.240745186805725098e-01 -2.259635366499423981e-02 1.000000000000000000e+00 3.000000000000000000e+00 1.900000000000000000e+01 1.900000000000000000e+01 0.000000000000000000e+00 1.000000000000000000e+00 1.600000000000000000e+01 3.000000000000000000e+00
2.597401185807317958e+01 1.494895644074699348e+01 -5.759955252749163201e-02 3.000000000000000000e+00 4.000000000000000000e+01 -5.000000000000000000e+00 -8.250000000000000000e+00 -5.000000000000000000e-01 -2.382096946239471436e-01 -1.293872892856597900e-01 1.000000000000000000e+00 3.000000000000000000e+00 2.000000000000000000e+01 2.000000000000000000e+01 9.000000000000000000e+00 3.000000000000000000e+00 1.700000000000000000e+01 3.000000000000000000e+00
2.439917142038444808e+01 -1.824302747390148483e+01 5.254125100394710368e-02 3.000000000000000000e+00 4.100000000000000000e+01 -1.000000000000000000e+00 -8.500000000000000000e+00 -5.000000000000000000e-01 3.750371560454368591e-02 -2.571277320384979248e-02 1.000000000000000000e+00 3.000000000000000000e+00 2.000000000000000000e+01 2.000000000000000000e+01 0.000000000000000000e+00 1.000000000000000000e+00 1.700000000000000000e+01 3.000000000000000000e+00
2.972550400272578486e+01 5.729130265706178449e+00 -2.404433779931239995e-02 1.000000000000000000e+00 4.200000000000000000e+01 -2.500000000000000000e+00 -8.250000000000000000e+00 -5.000000000000000000e-01 -1.260873675346374512e-01 -2.354162931442260742e-02 1.000000000000000000e+00 3.000000000000000000e+00 1.900000000000000000e+01 1.900000000000000000e+01 1.100000000000000000e+01 3.000000000000000000e+00 1.600000000000000000e+01 3.000000000000000000e+00
2.777188082947388992e+01 1.453948757508655376e+01 -5.495618958355619199e-02 3.000000000000000000e+00 4.300000000000000000e+01 -2.000000000000000000e+00 -8.000000000000000000e+00 -5.000000000000000000e-01 -2.827253192663192749e-02 -1.404075045138597488e-02 1.000000000000000000e+00 3.000000000000000000e+00 1.900000000000000000e+01 1.900000000000000000e+01 4.000000000000000000e+00 3.000000000000000000e+00 1.600000000000000000e+01 3.000000000000000000e+00
3.013813849785153920e+01 8.126977828254046798e+00 -3.178983995276384034e-02 1.000000000000000000e+00 4.400000000000000000e+01 1.500000000000000000e+01 -8.250000000000000000e+00 -5.000000000000000000e-01 -1.562572717666625977e-01 -4.052922874689102173e-02 1.000000000000000000e+00 3.000000000000000000e+00 1.900000000000000000e+01 1.900000000000000000e+01 0.000000000000000000e+00 1.000000000000000000e+00 1.600000000000000000e+01 3.000000000000000000e+00
3.265804360603038958e+01 -7.086414098173493770e+00 2.098422209879978462e-02 0.000000000000000000e+00 4.500000000000000000e+01 1.700000000000000000e+01 -4.000000000000000000e+00 0.000000000000000000e+00 4.051506996154785156e+00 -8.079595565795898438e-01 1.000000000000000000e+00 3.000000000000000000e+00 1.900000000000000000e+01 1.900000000000000000e+01 0.000000000000000000e+00 1.000000000000000000e+00 1.600000000000000000e+01 3.000000000000000000e+00
3.077288993821223428e+01 1.472369003704897850e+01 -5.345223001731497225e-02 3.000000000000000000e+00 4.600000000000000000e+01 4.000000000000000000e+00 -8.250000000000000000e+00 -5.000000000000000000e-01 -2.196104377508163452e-01 -1.003740876913070679e-01 1.000000000000000000e+00 3.000000000000000000e+00 2.000000000000000000e+01 2.000000000000000000e+01 0.000000000000000000e+00 1.000000000000000000e+00 1.600000000000000000e+01 3.000000000000000000e+00
3.040962237788879108e+01 -1.627465335853433359e+01 5.019229911800666966e-02 0.000000000000000000e+00 4.700000000000000000e+01 -5.000000000000000000e-01 -3.750000000000000000e+00 0.000000000000000000e+00 3.578766584396362305e+00 -1.778337717056274414e+00 1.000000000000000000e+00 2.000000000000000000e+00 1.900000000000000000e+01 1.900000000000000000e+01 1.600000000000000000e+01 1.000000000000000000e+00 1.600000000000000000e+01 3.000000000000000000e+00
3.505485111341639026e+01 -7.699037095768230365e+00 2.473190622902092517e-02 0.000000000000000000e+00 4.800000000000000000e+01 1.900000000000000000e+01 -4.000000000000000000e+00 0.000000000000000000e+00 4.046371459960937500e+00 -8.202103972434997559e-01 1.000000000000000000e+00 3.000000000000000000e+00 1.900000000000000000e+01 1.900000000000000000e+01 1.100000000000000000e+01 3.000000000000000000e+00 1.600000000000000000e+01 3.000000000000000000e+00
3.545590036728356154e+01 -7.501146984500806525e+00 2.435210800999580011e-02 0.000000000000000000e+00 4.900000000000000000e+01 1.950000000000000000e+01 -4.000000000000000000e+00 0.000000000000000000e+00 4.058031558990478516e+00 -7.920756936073303223e-01 1.000000000000000000e+00 3.000000000000000000e+00 1.900000000000000000e+01 1.900000000000000000e+01 0.000000000000000000e+00 1.000000000000000000e+00 1.600000000000000000e+01 3.000000000000000000e+00
3.672961676205913761e+01 6.492262997527770807e+00 -2.165111289414100790e-02 1.000000000000000000e+00 5.000000000000000000e+01 1.450000000000000000e+01 -8.250000000000000000e+00 -7.500000000000000000e-01 -1.624231040477752686e-01 -2.819261141121387482e-02 1.000000000000000000e+00 3.000000000000000000e+00 1.900000000000000000e+01 1.900000000000000000e+01 0.000000000000000000e+00 1.000000000000000000e+00 1.600000000000000000e+01 3.000000000000000000e+00
3.685693168903812023e+01 -7.308520863776616139e+00 2.469682861247635836e-02 0.000000000000000000e+00 5.100000000000000000e+01 5.000000000000000000e+00 -4.000000000000000000e+00 0.000000000000000000e+00 4.076151371002197266e+00 -7.458937168121337891e-01 1.000000000000000000e+00 3.000000000000000000e+00 2.000000000000000000e+01 2.000000000000000000e+01 1.100000000000000000e+01 3.000000000000000000e+00 1.600000000000000000e+01 3.000000000000000000e+00
3.767482703848489223e+01 -3.912798807551076230e+00 1.389309007422902253e-02 0.000000000000000000e+00 5.200000000000000000e+01 1.800000000000000000e+01 2.750000000000000000e+00 0.000000000000000000e+00 1.086782264709472656e+01 -1.015427947044372559e+00 1.000000000000000000e+00 3.000000000000000000e+00 1.900000000000000000e+01 1.900000000000000000e+01 0.000000000000000000e+00 1.000000000000000000e+00 1.600000000000000000e+01 3.000000000000000000e+00
3.765059936657797834e+01 -8.512709365897411118e+00 2.929410297829444787e-02 0.000000000000000000e+00 5.300000000000000000e+01 7.000000000000000000e+00 -4.000000000000000000e+00 0.000000000000000000e+00 4.035351276397705078e+00 -8.457933664321899414e-01 1.000000000000000000e+00 3.000000000000000000e+00 1.900000000000000000e+01 1.900000000000000000e+01 1.100000000000000000e+01 3.000000000000000000e+00 1.600000000000000000e+01 3.000000000000000000e+00
3.847060528643952182e+01 -4.716994785948877222e+00 1.715114761460286713e-02 0.000000000000000000e+00 5.400000000000000000e+01 2.500000000000000000e+00 2.750000000000000000e+00 0.000000000000000000e+00 1.082834148406982422e+01 -1.206127166748046875e+00 1.000000000000000000e+00 3.000000000000000000e+00 2.000000000000000000e+01 2.000000000000000000e+01 1.100000000000000000e+01 3.000000000000000000e+00 1.600000000000000000e+01 3.000000000000000000e+00
3.885374331855902597e+01 -7.919038058356970389e+00 2.815470236443682467e-02 0.000000000000000000e+00 5.500000000000000000e+01 1.000000000000000000e+00 -4.000000000000000000e+00 0.000000000000000000e+00 4.067756175994873047e+00 -7.676892876625061035e-01 1.000000000000000000e+00 3.000000000000000000e+00 1.900000000000000000e+01 1.900000000000000000e+01 9.000000000000000000e+00 3.000000000000000000e+00 1.600000000000000000e+01 3.000000000000000000e+00
3.378218428502239590e+01 -2.149245018977682875e+01 7.006551257908967545e-02 1.000000000000000000e+00 5.600000000000000000e+01 2.500000000000000000e+00 -8.500000000000000000e+00 -5.000000000000000000e-01 7.290562614798545837e-03 -4.337681457400321960e-03 1.000000000000000000e+00 3.000000000000000000e+00 1.900000000000000000e+01 2.000000000000000000e+01 0.000000000000000000e+00 1.000000000000000000e+00 1.700000000000000000e+01 3.000000000000000000e+00
4.129584603578787494e+01 6.817118542934645642e-02 3.109190270007507195e-03 1.000000000000000000e+00 5.700000000000000000e+01 5.000000000000000000e-01 -8.500000000000000000e+00 -7.500000000000000000e-01 -2.924342453479766846e-01 -2.030793344601988792e-03 1.000000000000000000e+00 3.000000000000000000e+00 1.900000000000000000e+01 1.900000000000000000e+01 0.000000000000000000e+00 1.000000000000000000e+00 1.600000000000000000e+01 3.000000000000000000e+00
3.456005130495073274e+01 -2.569658074391982794e+01 8.470692707950466804e-02 3.000000000000000000e+00 5.800000000000000000e+01 5.000000000000000000e-01 -8.500000000000000000e+00 -5.000000000000000000e-01 4.085273668169975281e-02 -2.846297249197959900e-02 1.000000000000000000e+00 3.000000000000000000e+00 2.000000000000000000e+01 2.000000000000000000e+01 0.000000000000000000e+00 1.000000000000000000e+00 1.700000000000000000e+01 3.000000000000000000e+00
4.348422858774843291e+01 -2.143367834206719280e+00 1.206884337748056341e-02 1.000000000000000000e+00 5.900000000000000000e+01 8.000000000000000000e+00 -8.500000000000000000e+00 -7.500000000000000000e-01 -2.554351985454559326e-01 1.069001853466033936e-02 1.000000000000000000e+00 3.000000000000000000e+00 1.900000000000000000e+01 1.900000000000000000e+01 0.000000000000000000e+00 1.000000000000000000e+00 1.600000000000000000e+01 3.000000000000000000e+00
4.202736447238270046e+01 -1.293578704754864006e+01 4.721340799588592818e-02 3.000000000000000000e+00 6.000000000000000000e+01 4.000000000000000000e+00 -8.750000000000000000e+00 -7.500000000000000000e-01 -2.962637245655059814e-01 8.551247417926788330e-02 1.000000000000000000e+00 3.000000000000000000e+00 1.900000000000000000e+01 1.900000000000000000e+01 1.600000000000000000e+01 1.000000000000000000e+00 1.600000000000000000e+01 3.000000000000000000e+00
4.300417605524147291e+01 -1.734096641748063305e+01 6.266933628271706413e-02 3.000000000000000000e+00 6.100000000000000000e+01 5.000000000000000000e+00 -8.500000000000000000e+00 -7.500000000000000000e-01 -2.167206956073641777e-03 8.235386922024190426e-04 1.000000000000000000e+00 3.000000000000000000e+00 1.900000000000000000e+01 2.000000000000000000e+01 0.000000000000000000e+00 1.000000000000000000e+00 1.600000000000000000e+01 3.000000000000000000e+00
4.522415991834401439e+01 -1.355262210791758726e+01 5.154071171526466988e-02 3.000000000000000000e+00 6.200000000000000000e+01 3.500000000000000000e+00 -8.500000000000000000e+00 -7.500000000000000000e-01 -7.048778235912322998e-02 1.986202225089073181e-02 1.000000000000000000e+00 3.000000000000000000e+00 1.900000000000000000e+01 2.000000000000000000e+01 0.000000000000000000e+00 1.000000000000000000e+00 1.600000000000000000e+01 3.000000000000000000e+00
4.439994430911751522e+01 -1.814832036507577229e+01 6.636210423193608654e-02 3.000000000000000000e+00 6.300000000000000000e+01 3.000000000000000000e+00 -8.500000000000000000e+00 -7.500000000000000000e-01 1.608221675269305706e-03 -6.204130477271974087e-04 1.000000000000000000e+00 3.000000000000000000e+00 2.000000000000000000e+01 2.000000000000000000e+01 0.000000000000000000e+00 1.000000000000000000e+00 1.600000000000000000e+01 3.000000000000000000e+00
4.772103442672053575e+01 4.834384890800858869e+00 -8.324484326469889367e-03 1.000000000000000000e+00 6.400000000000000000e+01 1.550000000000000000e+01 -8.250000000000000000e+00 -7.500000000000000000e-01 -1.131004914641380310e-01 -1.162928529083728790e-02 1.000000000000000000e+00 3.000000000000000000e+00 1.900000000000000000e+01 1.900000000000000000e+01 0.000000000000000000e+00 1.000000000000000000e+00 1.600000000000000000e+01 3.000000000000000000e+00
4.869995276723426514e+01 8.291984222951891415e-01 5.792223173725769003e-03 0.000000000000000000e+00 6.500000000000000000e+01 -3.500000000000000000e+00 -7.000000000000000000e+00 -7.500000000000000000e-01 1.195900321006774902e+00 2.599783241748809814e-02 1.000000000000000000e+00 3.000000000000000000e+00 2.000000000000000000e+01 2.000000000000000000e+01 4.000000000000000000e+00 3.000000000000000000e+00 1.600000000000000000e+01 3.000000000000000000e+00
4.910205539898713312e+01 1.227084805465323392e+00 4.742815160060219470e-03 0.000000000000000000e+00 6.600000000000000000e+01 -4.500000000000000000e+00 -7.250000000000000000e+00 -7.500000000000000000e-01 9.399026036262512207e-01 2.764419466257095337e-02 1.000000000000000000e+00 3.000000000000000000e+00 2.000000000000000000e+01 2.000000000000000000e+01 4.000000000000000000e+00 3.000000000000000000e+00 1.600000000000000000e+01 3.000000000000000000e+00
4.892417837619014165e+01 5.428055721513428189e+00 -9.463883343854694041e-03 1.000000000000000000e+00 6.700000000000000000e+01 -5.000000000000000000e-01 -8.250000000000000000e+00 -7.500000000000000000e-01 -1.198189109563827515e-01 -1.344424765557050705e-02 1.000000000000000000e+00 3.000000000000000000e+00 2.000000000000000000e+01 2.000000000000000000e+01 1.100000000000000000e+01 3.000000000000000000e+00 1.600000000000000000e+01 3.000000000000000000e+00
4.883885483965420349e+01 -1.077162859380480597e+01 4.477446412342615811e-02 0.000000000000000000e+00 6.800000000000000000e+01 0.000000000000000000e+00 -3.250000000000000000e+00 0.000000000000000000e+00 4.759301185607910156e+00 -9.837139248847961426e-01 1.000000000000000000e+00 3.000000000000000000e+00 1.900000000000000000e+01 1.900000000000000000e+01 0.000000000000000000e+00 1.000000000000000000e+00 1.600000000000000000e+01 3.000000000000000000e+00
4.779055730564493842e+01 1.803412715409689326e+01 -5.251869165915384191e-02 3.000000000000000000e+00 6.900000000000000000e+01 0.000000000000000000e+00 -8.250000000000000000e+00 -7.500000000000000000e-01 -2.761383950710296631e-01 -1.018816977739334106e-01 1.000000000000000000e+00 3.000000000000000000e+00 1.900000000000000000e+01 2.000000000000000000e+01 4.000000000000000000e+00 3.000000000000000000e+00 1.600000000000000000e+01 3.000000000000000000e+00
4.658410953834518864e+01 -2.115984379660192971e+01 7.800019155898410550e-02 3.000000000000000000e+00 7.000000000000000000e+01 0.000000000000000000e+00 -8.750000000000000000e+00 -7.500000000000000000e-01 -1.814285069704055786e-01 7.802172005176544189e-02 1.000000000000000000e+00 3.000000000000000000e+00 2.000000000000000000e+01 2.000000000000000000e+01 0.000000000000000000e+00 1.000000000000000000e+00 1.600000000000000000e+01 3.000000000000000000e+00
4.496622624906736121e+01 -2.455135402846719472e+01 8.822431130631026852e-02 1.000000000000000000e+00 7.100000000000000000e+01 2.000000000000000000e+00 -8.750000000000000000e+00 -7.500000000000000000e-01 -1.182025149464607239e-01 6.111321225762367249e-02 1.000000000000000000e+00 3.000000000000000000e+00 2.000000000000000000e+01 2.000000000000000000e+01 0.000000000000000000e+00 1.000000000000000000e+00 1.600000000000000000e+01 3.000000000000000000e+00
5.129675821292494220e+01 2.155224039862928542e-01 9.684812892195464318e-03 0.000000000000000000e+00 7.200000000000000000e+01 -2.500000000000000000e+00 -6.750000000000000000e+00 0.000000000000000000e+00 1.462632894515991211e+00 1.374654937535524368e-02 1.000000000000000000e+00 2.000000000000000000e+00 1.900000000000000000e+01 2.000000000000000000e+01 4.000000000000000000e+00 3.000000000000000000e+00 1.600000000000000000e+01 3.000000000000000000e+00
5.190306847737035412e+01 1.412340397307663808e+00 6.101870120852975754e-03 0.000000000000000000e+00 7.300000000000000000e+01 -2.500000000000000000e+00 -7.250000000000000000e+00 0.000000000000000000e+00 9.618157148361206055e-01 3.039195016026496887e-02 1.000000000000000000e+00 2.000000000000000000e+00 1.900000000000000000e+01 1.900000000000000000e+01 4.000000000000000000e+00 3.000000000000000000e+00 1.600000000000000000e+01 3.000000000000000000e+00
5.252518321155926628e+01 5.609099945740938509e+00 -7.525208424776979460e-03 1.000000000000000000e+00 7.400000000000000000e+01 8.000000000000000000e+00 -8.250000000000000000e+00 -1.000000000000000000e+00 -1.439391821622848511e-01 -1.561105065047740936e-02 1.000000000000000000e+00 3.000000000000000000e+00 1.900000000000000000e+01 2.000000000000000000e+01 0.000000000000000000e+00 1.000000000000000000e+00 1.600000000000000000e+01 3.000000000000000000e+00
5.315466776939804561e+01 1.120583210629896520e+01 -2.583955390642625125e-02 1.000000000000000000e+00 7.500000000000000000e+01 2.050000000000000000e+01 -8.250000000000000000e+00 -1.000000000000000000e+00 -2.358909994363784790e-01 -4.932266473770141602e-02 1.000000000000000000e+00 3.000000000000000000e+00 1.900000000000000000e+01 1.900000000000000000e+01 0.000000000000000000e+00 1.000000000000000000e+00 1.600000000000000000e+01 3.000000000000000000e+00
5.376097803258774377e+01 1.240264986120640067e+01 -2.942249587953232881e-02 1.000000000000000000e+00 7.600000000000000000e+01 1.150000000000000000e+01 -8.250000000000000000e+00 -1.000000000000000000e+00 -2.523519098758697510e-01 -5.764153599739074707e-02 1.000000000000000000e+00 3.000000000000000000e+00 1.900000000000000000e+01 1.900000000000000000e+01 1.100000000000000000e+01 3.000000000000000000e+00 1.600000000000000000e+01 3.000000000000000000e+00
5.514094562634078045e+01 8.595353384761185822e+00 -1.568558619924358480e-02 3.000000000000000000e+00 7.700000000000000000e+01 1.150000000000000000e+01 -8.250000000000000000e+00 -1.000000000000000000e+00 -1.886866688728332520e-01 -2.946160361170768738e-02 1.000000000000000000e+00 3.000000000000000000e+00 1.900000000000000000e+01 1.900000000000000000e+01 1.600000000000000000e+01 1.000000000000000000e+00 1.600000000000000000e+01 3.000000000000000000e+00
5.496412198456877718e+01 1.299632116874684229e+01 -3.056189649338994854e-02 1.000000000000000000e+00 7.800000000000000000e+01 4.000000000000000000e+00 -8.250000000000000000e+00 -1.000000000000000000e+00 -2.571536004543304443e-01 -6.021378189325332642e-02 1.000000000000000000e+00 3.000000000000000000e+00 2.000000000000000000e+01 2.100000000000000000e+01 0.000000000000000000e+00 1.000000000000000000e+00 1.600000000000000000e+01 3.000000000000000000e+00
5.632512879270399253e+01 5.589094897434005560e+00 -4.772020886646886201e-03 3.000000000000000000e+00 7.900000000000000000e+01 0.000000000000000000e+00 -8.250000000000000000e+00 -1.000000000000000000e+00 -1.371451616287231445e-01 -1.390303205698728561e-02 1.000000000000000000e+00 3.000000000000000000e+00 1.900000000000000000e+01 2.000000000000000000e+01 9.000000000000000000e+00 3.000000000000000000e+00 1.600000000000000000e+01 3.000000000000000000e+00
5.734196870633694232e+01 8.783768376284482926e+00 -1.476124643671448793e-02 1.000000000000000000e+00 8.000000000000000000e+01 2.050000000000000000e+01 -8.250000000000000000e+00 -1.000000000000000000e+00 -1.864581108093261719e-01 -2.866163663566112518e-02 1.000000000000000000e+00 3.000000000000000000e+00 1.900000000000000000e+01 1.900000000000000000e+01 0.000000000000000000e+00 1.000000000000000000e+00 1.600000000000000000e+01 3.000000000000000000e+00
5.578714053048076948e+01 -2.060828838868973989e+01 8.265697639964735000e-02 3.000000000000000000e+00 8.100000000000000000e+01 5.000000000000000000e-01 -8.750000000000000000e+00 -1.000000000000000000e+00 -1.658004969358444214e-01 5.823097378015518188e-02 1.000000000000000000e+00 3.000000000000000000e+00 2.000000000000000000e+01 2.000000000000000000e+01 1.600000000000000000e+01 1.000000000000000000e+00 1.600000000000000000e+01 3.000000000000000000e+00
5.934510059438187568e+01 9.373227144222839868e+00 -1.532102586494169319e-02 3.000000000000000000e+00 8.200000000000000000e+01 6.500000000000000000e+00 -8.250000000000000000e+00 -1.000000000000000000e+00 -1.908469349145889282e-01 -3.024861216545104980e-02 1.000000000000000000e+00 3.000000000000000000e+00 1.900000000000000000e+01 1.900000000000000000e+01 0.000000000000000000e+00 1.000000000000000000e+00 1.600000000000000000e+01 3.000000000000000000e+00
6.132927169932041522e+01 6.362756594121447229e+00 -3.827840963187410794e-03 1.000000000000000000e+00 8.300000000000000000e+01 9.000000000000000000e+00 -8.250000000000000000e+00 -1.000000000000000000e+00 -1.415995955467224121e-01 -1.501134876161813736e-02 1.000000000000000000e+00 3.000000000000000000e+00 1.900000000000000000e+01 1.900000000000000000e+01 9.000000000000000000e+00 3.000000000000000000e+00 1.600000000000000000e+01 3.000000000000000000e+00
6.293241152916654357e+01 6.954322098647505612e+00 -4.677431198784349348e-03 1.000000000000000000e+00 8.400000000000000000e+01 9.000000000000000000e+00 -8.250000000000000000e+00 -1.000000000000000000e+00 -1.479503959417343140e-01 -1.666725054383277893e-02 1.000000000000000000e+00 3.000000000000000000e+00 1.900000000000000000e+01 2.000000000000000000e+01 0.000000000000000000e+00 1.000000000000000000e+00 1.600000000000000000e+01 3.000000000000000000e+00
6.197666366677492533e+01 1.535942263526528961e+01 -3.352554377400519814e-02 1.000000000000000000e+00 8.500000000000000000e+01 5.000000000000000000e+00 -8.250000000000000000e+00 -1.000000000000000000e+00 -2.670031487941741943e-01 -6.570453196763992310e-02 1.000000000000000000e+00 3.000000000000000000e+00 1.900000000000000000e+01 2.000000000000000000e+01 0.000000000000000000e+00 1.000000000000000000e+00 1.600000000000000000e+01 3.000000000000000000e+00
6.317348735772051782e+01 1.475311750345914774e+01 -3.064728961120232256e-02 3.000000000000000000e+00 8.600000000000000000e+01 -3.500000000000000000e+00 -8.250000000000000000e+00 -1.000000000000000000e+00 -2.556119561195373535e-01 -5.938062816858291626e-02 1.000000000000000000e+00 3.000000000000000000e+00 2.000000000000000000e+01 2.100000000000000000e+01 1.100000000000000000e+01 3.000000000000000000e+00 1.600000000000000000e+01 3.000000000000000000e+00
6.457768261961329870e+01 1.554573087011845978e+01 -3.231139044026976048e-02 1.000000000000000000e+00 8.700000000000000000e+01 -3.500000000000000000e+00 -8.250000000000000000e+00 -1.000000000000000000e+00 -2.615549266338348389e-01 -6.263136863708496094e-02 1.000000000000000000e+00 3.000000000000000000e+00 2.000000000000000000e+01 2.100000000000000000e+01 4.000000000000000000e+00 3.000000000000000000e+00 1.600000000000000000e+01 3.000000000000000000e+00
6.538714714514418347e+01 1.734148539375803821e+01 -3.775826216583082207e-02 1.000000000000000000e+00 8.800000000000000000e+01 7.000000000000000000e+00 -8.000000000000000000e+00 -1.000000000000000000e+00 -4.719828069210052490e-02 -1.243168953806161880e-02 1.000000000000000000e+00 3.000000000000000000e+00 1.900000000000000000e+01 2.000000000000000000e+01 0.000000000000000000e+00 1.000000000000000000e+00 1.600000000000000000e+01 3.000000000000000000e+00
6.785965791479812026e+01 -6.871731775245217833e+00 4.514822262425102761e-02 0.000000000000000000e+00 8.900000000000000000e+01 3.000000000000000000e+00 -5.000000000000000000e-01 0.000000000000000000e+00 7.646389484405517578e+00 -7.120562791824340820e-01 1.000000000000000000e+00 3.000000000000000000e+00 1.900000000000000000e+01 2.000000000000000000e+01 0.000000000000000000e+00 1.000000000000000000e+00 1.600000000000000000e+01 3.000000000000000000e+00
6.600610555466870721e+01 2.093825503353804507e+01 -4.937650497163903474e-02 1.000000000000000000e+00 9.000000000000000000e+01 1.450000000000000000e+01 -8.000000000000000000e+00 -1.000000000000000000e+00 -9.211574494838714600e-02 -2.893901616334915161e-02 1.000000000000000000e+00 3.000000000000000000e+00 1.900000000000000000e+01 2.000000000000000000e+01 0.000000000000000000e+00 1.000000000000000000e+00 1.600000000000000000e+01 3.000000000000000000e+00
6.895128759238883731e+01 1.052266449196606857e+01 -1.238325643787520185e-02 3.000000000000000000e+00 9.100000000000000000e+01 -2.500000000000000000e+00 -8.250000000000000000e+00 -1.000000000000000000e+00 -1.866786032915115356e-01 -2.874006703495979309e-02 1.000000000000000000e+00 3.000000000000000000e+00 2.000000000000000000e+01 2.100000000000000000e+01 1.100000000000000000e+01 3.000000000000000000e+00 1.600000000000000000e+01 3.000000000000000000e+00
6.616487047273720634e+01 -2.486295801435366570e+01 1.042538123399527339e-01 1.000000000000000000e+00 9.200000000000000000e+01 0.000000000000000000e+00 -8.750000000000000000e+00 -1.000000000000000000e+00 -1.578581035137176514e-01 5.670855566859245300e-02 1.000000000000000000e+00 3.000000000000000000e+00 2.000000000000000000e+01 2.100000000000000000e+01 0.000000000000000000e+00 1.000000000000000000e+00 1.600000000000000000e+01 3.000000000000000000e+00
6.676802823720741742e+01 -2.426612804245650423e+01 1.026797016863772727e-01 1.000000000000000000e+00 9.300000000000000000e+01 2.000000000000000000e+00 -8.750000000000000000e+00 -1.000000000000000000e+00 -1.696083247661590576e-01 5.891916900873184204e-02 1.000000000000000000e+00 3.000000000000000000e+00 2.000000000000000000e+01 2.100000000000000000e+01 0.000000000000000000e+00 1.000000000000000000e+00 1.600000000000000000e+01 3.000000000000000000e+00
7.071544278213150392e+01 3.713321154304864979e+00 1.168759503465226224e-02 3.000000000000000000e+00 9.400000000000000000e+01 -5.000000000000000000e-01 -8.250000000000000000e+00 -1.250000000000000000e+00 -1.074584275484085083e-01 -6.068589165806770325e-03 1.000000000000000000e+00 3.000000000000000000e+00 2.000000000000000000e+01 2.100000000000000000e+01 1.100000000000000000e+01 3.000000000000000000e+00 1.600000000000000000e+01 3.000000000000000000e+00
7.131964629331700678e+01 4.510147080648686746e+00 9.443870256117800621e-03 3.000000000000000000e+00 9.500000000000000000e+01 2.500000000000000000e+00 -8.250000000000000000e+00 -1.250000000000000000e+00 -1.203379705548286438e-01 -8.055411279201507568e-03 1.000000000000000000e+00 3.000000000000000000e+00 2.000000000000000000e+01 2.100000000000000000e+01 0.000000000000000000e+00 1.000000000000000000e+00 1.600000000000000000e+01 3.000000000000000000e+00
6.878590740435033979e+01 -2.087672361360562334e+01 9.274539231731179778e-02 0.000000000000000000e+00 9.600000000000000000e+01 -2.500000000000000000e+00 -1.750000000000000000e+00 0.000000000000000000e+00 5.962677001953125000e+00 -1.726481199264526367e+00 1.000000000000000000e+00 1.000000000000000000e+00 2.000000000000000000e+01 2.100000000000000000e+01 4.000000000000000000e+00 3.000000000000000000e+00 1.600000000000000000e+01 3.000000000000000000e+00
7.095441948545663990e+01 1.111212421356017011e+01 -1.294303905904806498e-02 1.000000000000000000e+00 9.700000000000000000e+01 3.500000000000000000e+00 -8.250000000000000000e+00 -1.250000000000000000e+00 -2.288925498723983765e-01 -3.615747764706611633e-02 1.000000000000000000e+00 3.000000000000000000e+00 1.900000000000000000e+01 2.000000000000000000e+01 0.000000000000000000e+00 1.000000000000000000e+00 1.600000000000000000e+01 3.000000000000000000e+00
6.724506051626069336e+01 2.833179507598828550e+01 -7.328262620061594401e-02 3.000000000000000000e+00 9.800000000000000000e+01 9.000000000000000000e+00 -8.000000000000000000e+00 -1.000000000000000000e+00 -1.729971617460250854e-01 -7.195679098367691040e-02 1.000000000000000000e+00 3.000000000000000000e+00 1.900000000000000000e+01 2.000000000000000000e+01 0.000000000000000000e+00 1.000000000000000000e+00 1.600000000000000000e+01 3.000000000000000000e+00
7.350487252783358372e+01 1.698619523239483176e+00 2.041235451355322833e-02 1.000000000000000000e+00 9.900000000000000000e+01 1.000000000000000000e+00 -8.250000000000000000e+00 -1.250000000000000000e+00 -7.198476791381835938e-02 -2.004880923777818680e-03 1.000000000000000000e+00 3.000000000000000000e+00 1.900000000000000000e+01 2.000000000000000000e+01 0.000000000000000000e+00 1.000000000000000000e+00 1.600000000000000000e+01 3.000000000000000000e+00
7.488484012284236258e+01 -2.108676714791795082e+00 3.414926339560555441e-02 1.000000000000000000e+00 1.000000000000000000e+02 1.450000000000000000e+01 -8.500000000000000000e+00 -1.250000000000000000e+00 -2.594610452651977539e-01 5.743278656154870987e-03 1.000000000000000000e+00 3.000000000000000000e+00 1.900000000000000000e+01 1.900000000000000000e+01 0.000000000000000000e+00 1.000000000000000000e+00 1.600000000000000000e+01 3.000000000000000000e+00
6.751534350327135314e+01 -3.427014676627967305e+01 1.367397850948636473e-01 3.000000000000000000e+00 1.010000000000000000e+02 0.000000000000000000e+00 -8.750000000000000000e+00 -1.000000000000000000e+00 -4.079921916127204895e-02 1.987203396856784821e-02 1.000000000000000000e+00 3.000000000000000000e+00 2.100000000000000000e+01 2.200000000000000000e+01 4.000000000000000000e+00 3.000000000000000000e+00 1.600000000000000000e+01 3.000000000000000000e+00
7.570062490438581904e+01 8.870532945386210288e-01 2.468474008632964845e-02 3.000000000000000000e+00 1.020000000000000000e+02 -5.000000000000000000e-01 -8.250000000000000000e+00 -1.250000000000000000e+00 -5.815840885043144226e-02 -9.743032278493046761e-04 1.000000000000000000e+00 3.000000000000000000e+00 2.000000000000000000e+01 2.200000000000000000e+01 4.000000000000000000e+00 3.000000000000000000e+00 1.600000000000000000e+01 3.000000000000000000e+00
7.515435712982305461e+01 1.109001338232127942e+01 -9.900043906493894569e-03 1.000000000000000000e+00 1.030000000000000000e+02 3.500000000000000000e+00 -8.250000000000000000e+00 -1.250000000000000000e+00 -2.189551144838333130e-01 -3.270108997821807861e-02 1.000000000000000000e+00 3.000000000000000000e+00 1.900000000000000000e+01 2.000000000000000000e+01 1.600000000000000000e+01 1.000000000000000000e+00 1.600000000000000000e+01 3.000000000000000000e+00
7.634064323103561378e+01 8.483746266812264736e+00 -3.256969558325904790e-04 1.000000000000000000e+00 1.040000000000000000e+02 1.500000000000000000e+00 -8.250000000000000000e+00 -1.250000000000000000e+00 -1.771412044763565063e-01 -2.016057260334491730e-02 1.000000000000000000e+00 3.000000000000000000e+00 2.000000000000000000e+01 2.100000000000000000e+01 1.100000000000000000e+01 3.000000000000000000e+00 1.600000000000000000e+01 3.000000000000000000e+00
7.072689004799697443e+01 -3.208703523216277631e+01 1.316925584442950603e-01 3.000000000000000000e+00 1.050000000000000000e+02 -1.000000000000000000e+00 -8.750000000000000000e+00 -1.250000000000000000e+00 5.703450646251440048e-03 -2.483508083969354630e-03 1.000000000000000000e+00 3.000000000000000000e+00 2.100000000000000000e+01 2.200000000000000000e+01 4.000000000000000000e+00 3.000000000000000000e+00 1.600000000000000000e+01 3.000000000000000000e+00
7.335107948335246419e+01 -2.750081209474872068e+01 1.181753039091778812e-01 1.000000000000000000e+00 1.060000000000000000e+02 3.500000000000000000e+00 -8.750000000000000000e+00 -1.250000000000000000e+00 -7.810696959495544434e-02 2.807292900979518890e-02 1.000000000000000000e+00 3.000000000000000000e+00 2.000000000000000000e+01 2.200000000000000000e+01 0.000000000000000000e+00 1.000000000000000000e+00 1.600000000000000000e+01 3.000000000000000000e+00
7.807952500215608893e+01 -3.125503583641930927e+00 3.981578154571931150e-02 3.000000000000000000e+00 1.070000000000000000e+02 1.000000000000000000e+01 -8.500000000000000000e+00 -1.250000000000000000e+00 -2.447987943887710571e-01 8.261959068477153778e-03 1.000000000000000000e+00 3.000000000000000000e+00 1.900000000000000000e+01 2.000000000000000000e+01 0.000000000000000000e+00 1.000000000000000000e+00 1.600000000000000000e+01 3.000000000000000000e+00
7.799961585888796378e+01 1.967510569840483114e+01 -3.666457520614290616e-02 1.000000000000000000e+00 1.080000000000000000e+02 5.000000000000000000e+00 -8.250000000000000000e+00 -1.250000000000000000e+00 -3.309402167797088623e-01 -8.335711807012557983e-02 1.000000000000000000e+00 3.000000000000000000e+00 2.000000000000000000e+01 2.100000000000000000e+01 0.000000000000000000e+00 1.000000000000000000e+00 1.600000000000000000e+01 3.000000000000000000e+00
8.052162772158246185e+01 4.861706077368773471e+00 1.477026805437627738e-02 3.000000000000000000e+00 1.090000000000000000e+02 -3.500000000000000000e+00 -8.250000000000000000e+00 -1.250000000000000000e+00 -1.171196401119232178e-01 -7.533180993050336838e-03 1.000000000000000000e+00 3.000000000000000000e+00 2.100000000000000000e+01 2.200000000000000000e+01 4.000000000000000000e+00 3.000000000000000000e+00 1.600000000000000000e+01 3.000000000000000000e+00
7.624177330340539527e+01 2.768442599240534108e+01 -6.475308857947689734e-02 3.000000000000000000e+00 1.100000000000000000e+02 5.000000000000000000e-01 -8.000000000000000000e+00 -1.250000000000000000e+00 -2.100754082202911377e-01 -7.568101584911346436e-02 1.000000000000000000e+00 3.000000000000000000e+00 2.100000000000000000e+01 2.200000000000000000e+01 0.000000000000000000e+00 1.000000000000000000e+00 1.600000000000000000e+01 3.000000000000000000e+00
7.391525466125236221e+01 -3.430383949401524291e+01 1.413767345640149498e-01 3.000000000000000000e+00 1.110000000000000000e+02 1.500000000000000000e+00 -8.750000000000000000e+00 -1.250000000000000000e+00 1.671795547008514404e-02 -7.457088213413953781e-03 1.000000000000000000e+00 3.000000000000000000e+00 2.100000000000000000e+01 2.200000000000000000e+01 0.000000000000000000e+00 1.000000000000000000e+00 1.600000000000000000e+01 3.000000000000000000e+00
7.653733734460367089e+01 -3.011760818516479432e+01 1.291986972234693831e-01 1.000000000000000000e+00 1.120000000000000000e+02 2.000000000000000000e+00 -8.750000000000000000e+00 -1.250000000000000000e+00 -5.701082572340965271e-02 2.154225856065750122e-02 1.000000000000000000e+00 3.000000000000000000e+00 2.000000000000000000e+01 2.200000000000000000e+01 0.000000000000000000e+00 1.000000000000000000e+00 1.600000000000000000e+01 3.000000000000000000e+00
8.330051606667528574e+01 8.470431979247541321e-01 3.019111516258982802e-02 1.000000000000000000e+00 1.130000000000000000e+02 4.500000000000000000e+00 -8.500000000000000000e+00 -1.250000000000000000e+00 -3.062351047992706299e-01 -4.672601353377103806e-03 1.000000000000000000e+00 3.000000000000000000e+00 1.900000000000000000e+01 2.100000000000000000e+01 9.000000000000000000e+00 3.000000000000000000e+00 1.600000000000000000e+01 3.000000000000000000e+00
8.429102155388568463e+01 -9.581861869625880601e-01 3.694212130763209478e-02 1.000000000000000000e+00 1.140000000000000000e+02 1.000000000000000000e+00 -8.500000000000000000e+00 -1.250000000000000000e+00 -2.799869179725646973e-01 1.624054042622447014e-03 1.000000000000000000e+00 3.000000000000000000e+00 1.900000000000000000e+01 2.100000000000000000e+01 1.100000000000000000e+01 3.000000000000000000e+00 1.600000000000000000e+01 3.000000000000000000e+00
8.203748094517798961e+01 2.685390638467020707e+01 -5.787241113884546151e-02 1.000000000000000000e+00 1.150000000000000000e+02 2.700000000000000000e+01 -8.000000000000000000e+00 -1.250000000000000000e+00 -1.756216436624526978e-01 -5.721325054764747620e-02 1.000000000000000000e+00 3.000000000000000000e+00 1.900000000000000000e+01 2.100000000000000000e+01 0.000000000000000000e+00 1.000000000000000000e+00 1.600000000000000000e+01 3.000000000000000000e+00
8.689415107639322855e+01 -3.718855699446975138e-01 3.681705828987615059e-02 3.000000000000000000e+00 1.160000000000000000e+02 1.900000000000000000e+01 -8.500000000000000000e+00 -1.500000000000000000e+00 -2.889322042465209961e-01 -3.253741015214473009e-04 1.000000000000000000e+00 3.000000000000000000e+00 1.900000000000000000e+01 2.000000000000000000e+01 0.000000000000000000e+00 1.000000000000000000e+00 1.600000000000000000e+01 3.000000000000000000e+00
8.324272783451981184e+01 2.784756954085668568e+01 -6.035103171111130815e-02 1.000000000000000000e+00 1.170000000000000000e+02 2.500000000000000000e+00 -8.000000000000000000e+00 -1.250000000000000000e+00 -1.829342842102050781e-01 -6.090635433793067932e-02 1.000000000000000000e+00 3.000000000000000000e+00 2.000000000000000000e+01 2.200000000000000000e+01 1.100000000000000000e+01 3.000000000000000000e+00 1.600000000000000000e+01 3.000000000000000000e+00
8.786885590924913458e+01 -5.177056388468095349e+00 5.361220249908960067e-02 3.000000000000000000e+00 1.180000000000000000e+02 1.850000000000000000e+01 -8.500000000000000000e+00 -1.500000000000000000e+00 -2.081986218690872192e-01 1.089680846780538559e-02 1.000000000000000000e+00 3.000000000000000000e+00 1.900000000000000000e+01 2.100000000000000000e+01 0.000000000000000000e+00 1.000000000000000000e+00 1.600000000000000000e+01 3.000000000000000000e+00
8.821617530749377067e+01 -1.517896740196539440e+01 8.738246914342399918e-02 3.000000000000000000e+00 1.190000000000000000e+02 -5.000000000000000000e-01 -8.500000000000000000e+00 -1.500000000000000000e+00 -4.177840799093246460e-02 6.808676756918430328e-03 1.000000000000000000e+00 3.000000000000000000e+00 2.000000000000000000e+01 2.200000000000000000e+01 9.000000000000000000e+00 3.000000000000000000e+00 1.600000000000000000e+01 3.000000000000000000e+00
8.761317268431196226e+01 2.222451637351461784e+01 -3.841407510980496959e-02 3.000000000000000000e+00 1.200000000000000000e+02 2.400000000000000000e+01 -8.000000000000000000e+00 -1.500000000000000000e+00 -1.577846407890319824e-01 -4.006388410925865173e-02 1.000000000000000000e+00 3.000000000000000000e+00 1.900000000000000000e+01 2.000000000000000000e+01 0.000000000000000000e+00 1.000000000000000000e+00 1.600000000000000000e+01 3.000000000000000000e+00
9.029199021094548527e+01 -7.897770185915168328e-01 4.061965120255961459e-02 3.000000000000000000e+00 1.210000000000000000e+02 8.000000000000000000e+00 -8.500000000000000000e+00 -1.500000000000000000e+00 -2.823619544506072998e-01 9.187483228743076324e-04 1.000000000000000000e+00 3.000000000000000000e+00 1.900000000000000000e+01 2.100000000000000000e+01 9.000000000000000000e+00 3.000000000000000000e+00 1.600000000000000000e+01 3.000000000000000000e+00
9.148776433645127781e+01 -1.596078859607183542e+00 4.416751932075323184e-02 3.000000000000000000e+00 1.220000000000000000e+02 1.000000000000000000e+00 -8.500000000000000000e+00 -1.500000000000000000e+00 -2.695475518703460693e-01 3.174542915076017380e-03 1.000000000000000000e+00 3.000000000000000000e+00 2.000000000000000000e+01 2.200000000000000000e+01 1.100000000000000000e+01 3.000000000000000000e+00 1.600000000000000000e+01 3.000000000000000000e+00
9.181613057899275532e+01 -1.519791958892998807e+01 8.999075702009694255e-02 3.000000000000000000e+00 1.230000000000000000e+02 7.000000000000000000e+00 -8.500000000000000000e+00 -1.500000000000000000e+00 -5.101387202739715576e-02 7.994710467755794525e-03 1.000000000000000000e+00 3.000000000000000000e+00 1.900000000000000000e+01 2.100000000000000000e+01 1.500000000000000000e+01 1.000000000000000000e+00 1.600000000000000000e+01 3.000000000000000000e+00
8.904159561936738498e+01 2.761704053693420136e+01 -5.547918964117425078e-02 3.000000000000000000e+00 1.240000000000000000e+02 7.000000000000000000e+00 -8.000000000000000000e+00 -1.500000000000000000e+00 -2.292976081371307373e-01 -7.096104323863983154e-02 1.000000000000000000e+00 3.000000000000000000e+00 2.000000000000000000e+01 2.200000000000000000e+01 0.000000000000000000e+00 1.000000000000000000e+00 1.600000000000000000e+01 3.000000000000000000e+00
