-4.358528120324505650e+00 4.115826223555989039e+00 -1.295908496837608892e-01 4.000000000000000000e+00 0.000000000000000000e+00 0.000000000000000000e+00 0.000000000000000000e+00 0.000000000000000000e+00 1.649026870727539062e+00 3.380504846572875977e+00 1.000000000000000000e+00 0.000000000000000000e+00 0.000000000000000000e+00 0.000000000000000000e+00 7.000000000000000000e+00 6.000000000000000000e+00 0.000000000000000000e+00 0.000000000000000000e+00
-3.358649013047916299e+00 4.101140618451045938e+00 -1.347000408599996479e-01 1.000000000000000000e+00 1.000000000000000000e+00 7.500000000000000000e+00 -8.500000000000000000e+00 0.000000000000000000e+00 2.477558515965938568e-02 3.385996446013450623e-02 1.000000000000000000e+00 3.000000000000000000e+00 1.900000000000000000e+01 1.900000000000000000e+01 1.000000000000000000e+01 3.000000000000000000e+00 1.800000000000000000e+01 3.000000000000000000e+00
-2.544063612760286919e+00 5.089284093717044044e+00 -1.394981273053830517e-01 1.000000000000000000e+00 2.000000000000000000e+00 0.000000000000000000e+00 -8.500000000000000000e+00 0.000000000000000000e+00 2.526095137000083923e-02 3.390285745263099670e-02 1.000000000000000000e+00 3.000000000000000000e+00 1.900000000000000000e+01 2.000000000000000000e+01 1.600000000000000000e+01 1.000000000000000000e+00 1.800000000000000000e+01 3.000000000000000000e+00
-3.908358802386017850e+00 -6.091882925619009015e+00 -1.254068798080357761e-01 4.000000000000000000e+00 3.000000000000000000e+00 3.000000000000000000e+00 0.000000000000000000e+00 0.000000000000000000e+00 1.311031460762023926e+00 -3.075882434844970703e+00 1.000000000000000000e+00 0.000000000000000000e+00 0.000000000000000000e+00 0.000000000000000000e+00 7.000000000000000000e+00 6.000000000000000000e+00 0.000000000000000000e+00 0.000000000000000000e+00
-2.344087743627017772e+00 5.086346971995791222e+00 -1.405199657842560457e-01 1.000000000000000000e+00 4.000000000000000000e+00 1.000000000000000000e+00 -8.500000000000000000e+00 0.000000000000000000e+00 2.665116824209690094e-02 3.398024290800094604e-02 1.000000000000000000e+00 3.000000000000000000e+00 1.900000000000000000e+01 1.900000000000000000e+01 0.000000000000000000e+00 1.000000000000000000e+00 1.800000000000000000e+01 3.000000000000000000e+00
-1.947072434988941225e+00 4.880494527537604377e+00 -1.424214961279601788e-01 1.000000000000000000e+00 5.000000000000000000e+00 1.000000000000000000e+00 -8.500000000000000000e+00 0.000000000000000000e+00 3.039225190877914429e-02 3.384591639041900635e-02 1.000000000000000000e+00 3.000000000000000000e+00 1.900000000000000000e+01 1.900000000000000000e+01 0.000000000000000000e+00 1.000000000000000000e+00 1.800000000000000000e+01 3.000000000000000000e+00
6.232488242856666361e-01 2.842528038365905729e+00 -1.542839252028953001e-01 1.000000000000000000e+00 6.000000000000000000e+00 4.500000000000000000e+00 -8.750000000000000000e+00 -2.500000000000000000e-01 -2.506628334522247314e-01 -1.038460358977317810e-01 1.000000000000000000e+00 3.000000000000000000e+00 1.900000000000000000e+01 1.900000000000000000e+01 0.000000000000000000e+00 1.000000000000000000e+00 1.600000000000000000e+01 3.000000000000000000e+00
8.173515887712552441e-01 2.439634041328970770e+00 -1.550214688966542742e-01 1.000000000000000000e+00 7.000000000000000000e+00 -1.500000000000000000e+00 -8.750000000000000000e+00 -2.500000000000000000e-01 -2.478268444538116455e-01 -8.605099469423294067e-02 1.000000000000000000e+00 3.000000000000000000e+00 1.900000000000000000e+01 1.900000000000000000e+01 0.000000000000000000e+00 1.000000000000000000e+00 1.600000000000000000e+01 3.000000000000000000e+00
6.320581201720525399e-01 3.442463118198590522e+00 -1.547103653839250192e-01 1.000000000000000000e+00 8.000000000000000000e+00 -4.000000000000000000e+00 -8.750000000000000000e+00 -2.500000000000000000e-01 -2.512871325016021729e-01 -1.256435662508010864e-01 1.000000000000000000e+00 3.000000000000000000e+00 1.900000000000000000e+01 1.900000000000000000e+01 0.000000000000000000e+00 1.000000000000000000e+00 1.600000000000000000e+01 3.000000000000000000e+00
2.643562067241077784e+00 4.213005665622711504e+00 -1.654973348703783487e-01 1.000000000000000000e+00 9.000000000000000000e+00 -5.000000000000000000e-01 -8.250000000000000000e+00 -2.500000000000000000e-01 1.556548625230789185e-01 7.436843961477279663e-02 1.000000000000000000e+00 3.000000000000000000e+00 1.900000000000000000e+01 1.900000000000000000e+01 0.000000000000000000e+00 1.000000000000000000e+00 1.600000000000000000e+01 3.000000000000000000e+00
2.258292967898361425e+00 5.218771860712262622e+00 -1.641643940969022275e-01 1.000000000000000000e+00 1.000000000000000000e+01 3.000000000000000000e+00 -8.500000000000000000e+00 -2.500000000000000000e-01 -6.654252856969833374e-02 -4.100876674056053162e-02 1.000000000000000000e+00 3.000000000000000000e+00 1.900000000000000000e+01 1.900000000000000000e+01 0.000000000000000000e+00 1.000000000000000000e+00 1.700000000000000000e+01 3.000000000000000000e+00
2.667053525271773751e+00 5.812832704105083792e+00 -1.666345087994256791e-01 1.000000000000000000e+00 1.100000000000000000e+01 -3.000000000000000000e+00 -8.250000000000000000e+00 -2.500000000000000000e-01 1.040918752551078796e-01 6.823799759149551392e-02 1.000000000000000000e+00 3.000000000000000000e+00 2.000000000000000000e+01 1.900000000000000000e+01 0.000000000000000000e+00 1.000000000000000000e+00 1.700000000000000000e+01 3.000000000000000000e+00
1.873321134976716706e+00 -7.376930067477101005e+00 -1.541873064675056137e-01 1.000000000000000000e+00 1.200000000000000000e+01 -2.500000000000000000e+00 -8.750000000000000000e+00 -2.500000000000000000e-01 6.895432248711585999e-03 -5.992459133267402649e-03 1.000000000000000000e+00 3.000000000000000000e+00 1.900000000000000000e+01 1.900000000000000000e+01 0.000000000000000000e+00 1.000000000000000000e+00 1.700000000000000000e+01 3.000000000000000000e+00
4.869723800196926078e+00 5.980502576690948757e+00 -1.780168750266919175e-01 1.000000000000000000e+00 1.300000000000000000e+01 1.350000000000000000e+01 -8.500000000000000000e+00 -2.500000000000000000e-01 -5.764654278755187988e-02 -3.139678016304969788e-02 1.000000000000000000e+00 3.000000000000000000e+00 1.900000000000000000e+01 1.900000000000000000e+01 0.000000000000000000e+00 1.000000000000000000e+00 1.600000000000000000e+01 3.000000000000000000e+00
3.870142919901431000e+00 -7.606279478702668406e+00 -1.642635422059413319e-01 1.000000000000000000e+00 1.400000000000000000e+01 5.500000000000000000e+00 -8.750000000000000000e+00 -2.500000000000000000e-01 -1.522053685039281845e-02 1.097634900361299515e-02 1.000000000000000000e+00 3.000000000000000000e+00 2.000000000000000000e+01 2.000000000000000000e+01 0.000000000000000000e+00 1.000000000000000000e+00 1.700000000000000000e+01 3.000000000000000000e+00
4.670046396434507585e+00 -7.618027965587678807e+00 -1.683508961214332245e-01 1.000000000000000000e+00 1.500000000000000000e+01 4.000000000000000000e+00 -8.750000000000000000e+00 -2.500000000000000000e-01 -2.444693632423877716e-02 1.637071743607521057e-02 1.000000000000000000e+00 3.000000000000000000e+00 1.900000000000000000e+01 1.900000000000000000e+01 0.000000000000000000e+00 1.000000000000000000e+00 1.700000000000000000e+01 3.000000000000000000e+00
6.069578538217028196e+00 5.962879853366074734e+00 -1.841479034636775425e-01 1.000000000000000000e+00 1.600000000000000000e+01 -3.000000000000000000e+00 -8.250000000000000000e+00 -2.500000000000000000e-01 1.512180417776107788e-01 7.438952475786209106e-02 1.000000000000000000e+00 3.000000000000000000e+00 1.900000000000000000e+01 1.900000000000000000e+01 1.100000000000000000e+01 3.000000000000000000e+00 1.600000000000000000e+01 3.000000000000000000e+00
4.867085597549559495e+00 -7.820943284823292707e+00 -1.692305867681382914e-01 1.000000000000000000e+00 1.700000000000000000e+01 1.500000000000000000e+00 -8.750000000000000000e+00 -2.500000000000000000e-01 -2.336762472987174988e-02 1.578339561820030212e-02 1.000000000000000000e+00 3.000000000000000000e+00 1.900000000000000000e+01 1.900000000000000000e+01 1.100000000000000000e+01 3.000000000000000000e+00 1.700000000000000000e+01 3.000000000000000000e+00
5.669925503711096937e+00 -7.632713570692621907e+00 -1.734600872976720110e-01 1.000000000000000000e+00 1.800000000000000000e+01 6.500000000000000000e+00 -8.750000000000000000e+00 -2.500000000000000000e-01 -3.518976271152496338e-02 2.163305133581161499e-02 1.000000000000000000e+00 3.000000000000000000e+00 1.900000000000000000e+01 1.900000000000000000e+01 0.000000000000000000e+00 1.000000000000000000e+00 1.700000000000000000e+01 3.000000000000000000e+00
7.069457645493615772e+00 5.948194248261131634e+00 -1.892570946399163290e-01 1.000000000000000000e+00 1.900000000000000000e+01 1.500000000000000000e+01 -8.500000000000000000e+00 -2.500000000000000000e-01 -4.426632821559906006e-02 -2.015108987689018250e-02 1.000000000000000000e+00 3.000000000000000000e+00 1.900000000000000000e+01 1.900000000000000000e+01 0.000000000000000000e+00 1.000000000000000000e+00 1.600000000000000000e+01 3.000000000000000000e+00
7.069756826033735564e+00 -7.653273426242712674e+00 -1.806129578679089298e-01 1.000000000000000000e+00 2.000000000000000000e+01 -3.500000000000000000e+00 -8.750000000000000000e+00 -2.500000000000000000e-01 -4.874356836080551147e-02 2.688064426183700562e-02 1.000000000000000000e+00 3.000000000000000000e+00 2.000000000000000000e+01 1.900000000000000000e+01 0.000000000000000000e+00 1.000000000000000000e+00 1.700000000000000000e+01 3.000000000000000000e+00
8.269313337072741632e+00 5.930571510930972678e+00 -1.953881279494063539e-01 1.000000000000000000e+00 2.100000000000000000e+01 0.000000000000000000e+00 -8.500000000000000000e+00 -2.500000000000000000e-01 -3.790775313973426819e-02 -1.583817042410373688e-02 1.000000000000000000e+00 3.000000000000000000e+00 1.900000000000000000e+01 1.900000000000000000e+01 1.100000000000000000e+01 3.000000000000000000e+00 1.600000000000000000e+01 3.000000000000000000e+00
6.849225220329964614e+00 -9.050184654698547604e+00 -1.785960887585563983e-01 1.000000000000000000e+00 2.200000000000000000e+01 -3.000000000000000000e+00 -8.750000000000000000e+00 -2.500000000000000000e-01 -2.547463774681091309e-02 1.691972091794013977e-02 1.000000000000000000e+00 3.000000000000000000e+00 1.900000000000000000e+01 1.900000000000000000e+01 9.000000000000000000e+00 3.000000000000000000e+00 1.700000000000000000e+01 3.000000000000000000e+00
9.272128880978792509e+00 6.115864583627351969e+00 -2.006394660785912332e-01 1.000000000000000000e+00 2.300000000000000000e+01 2.000000000000000000e+00 -8.500000000000000000e+00 -2.500000000000000000e-01 -3.542061895132064819e-02 -1.430448051542043686e-02 1.000000000000000000e+00 3.000000000000000000e+00 1.900000000000000000e+01 1.900000000000000000e+01 0.000000000000000000e+00 1.000000000000000000e+00 1.600000000000000000e+01 3.000000000000000000e+00
8.249056542652603241e+00 -9.070744510248637482e+00 -1.857489593287933172e-01 1.000000000000000000e+00 2.400000000000000000e+01 -3.000000000000000000e+00 -8.750000000000000000e+00 -2.500000000000000000e-01 -3.795634955167770386e-02 2.282510139048099518e-02 1.000000000000000000e+00 3.000000000000000000e+00 1.900000000000000000e+01 1.900000000000000000e+01 9.000000000000000000e+00 3.000000000000000000e+00 1.700000000000000000e+01 3.000000000000000000e+00
9.863544697303041175e+00 -8.094349988149327046e+00 -1.946343956963860755e-01 1.000000000000000000e+00 2.500000000000000000e+01 7.000000000000000000e+00 -8.750000000000000000e+00 -2.500000000000000000e-01 -6.508743017911911011e-02 3.135309368371963501e-02 1.000000000000000000e+00 3.000000000000000000e+00 1.900000000000000000e+01 1.900000000000000000e+01 0.000000000000000000e+00 1.000000000000000000e+00 1.600000000000000000e+01 3.000000000000000000e+00
9.445974837042243166e+00 -9.288346388160473310e+00 -1.917378404739286113e-01 1.000000000000000000e+00 2.600000000000000000e+01 -1.000000000000000000e+00 -8.750000000000000000e+00 -2.500000000000000000e-01 -4.492011666297912598e-02 2.554831840097904205e-02 1.000000000000000000e+00 3.000000000000000000e+00 2.000000000000000000e+01 1.900000000000000000e+01 0.000000000000000000e+00 1.000000000000000000e+00 1.700000000000000000e+01 3.000000000000000000e+00
6.575242324902710322e+00 1.315622799127006459e+01 -1.913088660467450741e-01 2.000000000000000000e+00 2.700000000000000000e+01 -4.000000000000000000e+00 -9.500000000000000000e+00 0.000000000000000000e+00 -4.485317468643188477e-01 -4.660525321960449219e-01 1.000000000000000000e+00 2.000000000000000000e+00 1.900000000000000000e+01 1.900000000000000000e+01 0.000000000000000000e+00 1.000000000000000000e+00 1.700000000000000000e+01 3.000000000000000000e+00
-1.544482956852547773e+00 1.867606710618326105e+01 -1.532514595858160411e-01 4.000000000000000000e+00 2.800000000000000000e+01 3.400000000000000000e+01 0.000000000000000000e+00 0.000000000000000000e+00 4.908526837825775146e-01 1.995423436164855957e+00 1.000000000000000000e+00 0.000000000000000000e+00 0.000000000000000000e+00 0.000000000000000000e+00 7.000000000000000000e+00 6.000000000000000000e+00 0.000000000000000000e+00 0.000000000000000000e+00
1.024587736001629423e+01 -9.300094861040200556e+00 -1.958251895169161316e-01 1.000000000000000000e+00 2.900000000000000000e+01 -3.500000000000000000e+00 -8.750000000000000000e+00 -2.500000000000000000e-01 -5.095429718494415283e-02 2.760024368762969971e-02 1.000000000000000000e+00 3.000000000000000000e+00 1.900000000000000000e+01 1.900000000000000000e+01 1.100000000000000000e+01 3.000000000000000000e+00 1.600000000000000000e+01 3.000000000000000000e+00
1.086342380457962875e+01 -8.109035593254271035e+00 -1.997435868726248342e-01 3.000000000000000000e+00 3.000000000000000000e+01 1.000000000000000000e+00 -8.750000000000000000e+00 -2.500000000000000000e-01 -7.195436954498291016e-02 3.266893699765205383e-02 1.000000000000000000e+00 3.000000000000000000e+00 1.900000000000000000e+01 1.900000000000000000e+01 1.100000000000000000e+01 3.000000000000000000e+00 1.600000000000000000e+01 3.000000000000000000e+00
1.246323075764578192e+01 -8.132532567024291836e+00 -2.079182947036086193e-01 1.000000000000000000e+00 3.100000000000000000e+01 -2.500000000000000000e+00 -8.750000000000000000e+00 -2.500000000000000000e-01 -8.176164329051971436e-02 3.399563208222389221e-02 1.000000000000000000e+00 3.000000000000000000e+00 1.900000000000000000e+01 1.900000000000000000e+01 9.000000000000000000e+00 3.000000000000000000e+00 1.600000000000000000e+01 3.000000000000000000e+00
1.135117076551044590e+01 1.148590956869727009e+01 -2.146958103992404610e-01 3.000000000000000000e+00 3.200000000000000000e+01 -3.000000000000000000e+00 -9.000000000000000000e+00 -2.500000000000000000e-01 -4.184487760066986084e-01 -2.781733274459838867e-01 1.000000000000000000e+00 3.000000000000000000e+00 1.900000000000000000e+01 1.900000000000000000e+01 1.600000000000000000e+01 1.000000000000000000e+00 1.700000000000000000e+01 3.000000000000000000e+00
1.236866846455980706e+01 1.267109412325769568e+01 -2.206578819375386580e-01 3.000000000000000000e+00 3.300000000000000000e+01 -1.000000000000000000e+00 -9.000000000000000000e+00 -2.500000000000000000e-01 -4.120352268218994141e-01 -2.857663333415985107e-01 1.000000000000000000e+00 3.000000000000000000e+00 1.900000000000000000e+01 1.900000000000000000e+01 1.600000000000000000e+01 1.000000000000000000e+00 1.700000000000000000e+01 3.000000000000000000e+00
1.486000379705652463e+01 -8.367756691475362274e+00 -2.200382046246338319e-01 1.000000000000000000e+00 3.400000000000000000e+01 3.500000000000000000e+00 -8.750000000000000000e+00 -2.500000000000000000e-01 -9.165157377719879150e-02 3.469055145978927612e-02 1.000000000000000000e+00 3.000000000000000000e+00 1.900000000000000000e+01 1.900000000000000000e+01 1.100000000000000000e+01 3.000000000000000000e+00 1.600000000000000000e+01 3.000000000000000000e+00
1.504529821921475019e+01 -9.370585782350266513e+00 -2.203493130098674868e-01 1.000000000000000000e+00 3.500000000000000000e+01 5.500000000000000000e+00 -8.750000000000000000e+00 -2.500000000000000000e-01 -8.032749593257904053e-02 3.384167328476905823e-02 1.000000000000000000e+00 3.000000000000000000e+00 1.900000000000000000e+01 1.900000000000000000e+01 0.000000000000000000e+00 1.000000000000000000e+00 1.600000000000000000e+01 3.000000000000000000e+00
1.544524948070177572e+01 -9.376460018790130135e+00 -2.223929875313612470e-01 1.000000000000000000e+00 3.600000000000000000e+01 3.000000000000000000e+00 -8.750000000000000000e+00 -2.500000000000000000e-01 -8.232536166906356812e-02 3.405276313424110413e-02 1.000000000000000000e+00 3.000000000000000000e+00 1.900000000000000000e+01 1.900000000000000000e+01 0.000000000000000000e+00 1.000000000000000000e+00 1.600000000000000000e+01 3.000000000000000000e+00
1.645687432049421162e+01 -8.591231866261066941e+00 -2.280707658415758177e-01 1.000000000000000000e+00 3.700000000000000000e+01 9.000000000000000000e+00 -8.750000000000000000e+00 -2.500000000000000000e-01 -9.642584621906280518e-02 3.479715436697006226e-02 1.000000000000000000e+00 3.000000000000000000e+00 1.900000000000000000e+01 1.900000000000000000e+01 0.000000000000000000e+00 1.000000000000000000e+00 1.600000000000000000e+01 3.000000000000000000e+00
1.790075117569075758e+01 -5.612115831856808512e+00 -2.373558327833611703e-01 0.000000000000000000e+00 3.800000000000000000e+01 2.000000000000000000e+01 -7.750000000000000000e+00 -5.000000000000000000e-01 8.700400590896606445e-01 -1.889841109514236450e-01 1.000000000000000000e+00 3.000000000000000000e+00 1.900000000000000000e+01 1.900000000000000000e+01 0.000000000000000000e+00 1.000000000000000000e+00 1.600000000000000000e+01 3.000000000000000000e+00
1.744207126562649179e+01 -9.605809430015696648e+00 -2.324692232697969652e-01 1.000000000000000000e+00 3.900000000000000000e+01 5.000000000000000000e+00 -8.000000000000000000e+00 -5.000000000000000000e-01 6.470743417739868164e-01 -2.507413327693939209e-01 1.000000000000000000e+00 3.000000000000000000e+00 1.900000000000000000e+01 1.900000000000000000e+01 0.000000000000000000e+00 1.000000000000000000e+00 1.600000000000000000e+01 3.000000000000000000e+00
1.825371952111639118e+01 -8.817644145261416710e+00 -2.371251594467602697e-01 1.000000000000000000e+00 4.000000000000000000e+01 7.000000000000000000e+00 -8.750000000000000000e+00 -5.000000000000000000e-01 -2.471460402011871338e-02 8.470730856060981750e-03 1.000000000000000000e+00 3.000000000000000000e+00 1.900000000000000000e+01 1.900000000000000000e+01 0.000000000000000000e+00 1.000000000000000000e+00 1.600000000000000000e+01 3.000000000000000000e+00
1.904187821869264141e+01 -9.629306403785719226e+00 -2.406439311007807502e-01 1.000000000000000000e+00 4.100000000000000000e+01 1.500000000000000000e+00 -8.750000000000000000e+00 -5.000000000000000000e-01 -1.553770434111356735e-02 5.644557066261768341e-03 1.000000000000000000e+00 3.000000000000000000e+00 1.900000000000000000e+01 1.900000000000000000e+01 1.100000000000000000e+01 3.000000000000000000e+00 1.600000000000000000e+01 3.000000000000000000e+00
2.070335025696549636e+01 -5.453256865155667654e+00 -2.518037208767810453e-01 0.000000000000000000e+00 4.200000000000000000e+01 -3.000000000000000000e+00 -7.750000000000000000e+00 -5.000000000000000000e-01 8.661319017410278320e-01 -1.623997092247009277e-01 1.000000000000000000e+00 3.000000000000000000e+00 1.900000000000000000e+01 1.900000000000000000e+01 4.000000000000000000e+00 3.000000000000000000e+00 1.600000000000000000e+01 3.000000000000000000e+00
2.146477997922442427e+01 5.536743339336388736e+00 -2.626872990147109954e-01 1.000000000000000000e+00 4.300000000000000000e+01 -1.500000000000000000e+00 -8.500000000000000000e+00 -5.000000000000000000e-01 -4.650255292654037476e-02 -9.869247674942016602e-03 1.000000000000000000e+00 3.000000000000000000e+00 1.900000000000000000e+01 1.900000000000000000e+01 1.100000000000000000e+01 3.000000000000000000e+00 1.600000000000000000e+01 3.000000000000000000e+00
2.043289929857087017e+01 -1.024980084837756955e+01 -2.473703569563878157e-01 1.000000000000000000e+00 4.400000000000000000e+01 -3.000000000000000000e+00 -8.750000000000000000e+00 -5.000000000000000000e-01 -1.404664758592844009e-02 5.150436889380216599e-03 1.000000000000000000e+00 3.000000000000000000e+00 2.000000000000000000e+01 1.900000000000000000e+01 4.000000000000000000e+00 3.000000000000000000e+00 1.600000000000000000e+01 3.000000000000000000e+00
2.167062942978488493e+01 5.933763085928176473e+00 -2.639934347149501814e-01 1.000000000000000000e+00 4.500000000000000000e+01 0.000000000000000000e+00 -8.500000000000000000e+00 -5.000000000000000000e-01 -5.219073593616485596e-02 -1.174291595816612244e-02 1.000000000000000000e+00 3.000000000000000000e+00 1.900000000000000000e+01 1.900000000000000000e+01 0.000000000000000000e+00 1.000000000000000000e+00 1.600000000000000000e+01 3.000000000000000000e+00
2.063874874213033195e+01 -9.852781578571422116e+00 -2.486764923177227360e-01 3.000000000000000000e+00 4.600000000000000000e+01 -3.500000000000000000e+00 -8.750000000000000000e+00 -5.000000000000000000e-01 -2.177619934082031250e-02 7.605657912790775299e-03 1.000000000000000000e+00 3.000000000000000000e+00 1.900000000000000000e+01 1.900000000000000000e+01 9.000000000000000000e+00 3.000000000000000000e+00 1.600000000000000000e+01 3.000000000000000000e+00
2.400573738923966971e+01 1.498992806666262556e+00 -2.731282629451370902e-01 0.000000000000000000e+00 4.700000000000000000e+01 2.250000000000000000e+01 -4.000000000000000000e+00 0.000000000000000000e+00 4.538035392761230469e+00 2.836272120475769043e-01 1.000000000000000000e+00 3.000000000000000000e+00 1.900000000000000000e+01 1.900000000000000000e+01 0.000000000000000000e+00 1.000000000000000000e+00 1.600000000000000000e+01 3.000000000000000000e+00
2.522908454059974304e+01 3.081197227014886408e+00 -2.803964702684005328e-01 1.000000000000000000e+00 4.800000000000000000e+01 -1.500000000000000000e+00 -8.500000000000000000e+00 -5.000000000000000000e-01 9.364241850562393665e-04 1.037178662954829633e-04 1.000000000000000000e+00 3.000000000000000000e+00 1.900000000000000000e+01 1.900000000000000000e+01 9.000000000000000000e+00 3.000000000000000000e+00 1.600000000000000000e+01 3.000000000000000000e+00
2.584075811890516050e+01 3.872299615983813670e+00 -2.840305740571213433e-01 1.000000000000000000e+00 4.900000000000000000e+01 -1.000000000000000000e+00 -8.500000000000000000e+00 -5.000000000000000000e-01 -9.996894747018814087e-03 -1.334989094175398350e-03 1.000000000000000000e+00 3.000000000000000000e+00 2.000000000000000000e+01 1.900000000000000000e+01 0.000000000000000000e+00 1.000000000000000000e+00 1.600000000000000000e+01 3.000000000000000000e+00
2.549953359887732063e+01 7.877741715032997583e+00 -2.848298247826892560e-01 1.000000000000000000e+00 5.000000000000000000e+01 2.500000000000000000e+00 -8.750000000000000000e+00 -5.000000000000000000e-01 -3.018511235713958740e-01 -7.878504693508148193e-02 1.000000000000000000e+00 3.000000000000000000e+00 1.900000000000000000e+01 1.900000000000000000e+01 0.000000000000000000e+00 1.000000000000000000e+00 1.600000000000000000e+01 3.000000000000000000e+00
2.846393373016053729e+01 5.433944103601790587e+00 -2.984516372483824176e-01 1.000000000000000000e+00 5.100000000000000000e+01 1.650000000000000000e+01 -8.750000000000000000e+00 -5.000000000000000000e-01 -2.699929773807525635e-01 -4.577467590570449829e-02 1.000000000000000000e+00 3.000000000000000000e+00 1.900000000000000000e+01 1.900000000000000000e+01 0.000000000000000000e+00 1.000000000000000000e+00 1.600000000000000000e+01 3.000000000000000000e+00
2.743498947913544939e+01 -1.015262188309648650e+01 -2.832768418041010650e-01 1.000000000000000000e+00 5.200000000000000000e+01 1.500000000000000000e+00 -8.750000000000000000e+00 -5.000000000000000000e-01 -5.147768929600715637e-02 1.468628179281949997e-02 1.000000000000000000e+00 3.000000000000000000e+00 1.900000000000000000e+01 1.900000000000000000e+01 0.000000000000000000e+00 1.000000000000000000e+00 1.600000000000000000e+01 3.000000000000000000e+00
2.966966228799759264e+01 5.816278245088634336e+00 -3.048669641248603623e-01 1.000000000000000000e+00 5.300000000000000000e+01 -3.500000000000000000e+00 -8.500000000000000000e+00 -5.000000000000000000e-01 -2.951500192284584045e-02 -5.165125709027051926e-03 1.000000000000000000e+00 3.000000000000000000e+00 1.900000000000000000e+01 1.900000000000000000e+01 1.100000000000000000e+01 3.000000000000000000e+00 1.600000000000000000e+01 3.000000000000000000e+00
2.863484517071458058e+01 -1.017024462042664545e+01 -2.894078751135911176e-01 1.000000000000000000e+00 5.400000000000000000e+01 0.000000000000000000e+00 -8.750000000000000000e+00 -5.000000000000000000e-01 -5.615201219916343689e-02 1.547370571643114090e-02 1.000000000000000000e+00 3.000000000000000000e+00 1.900000000000000000e+01 1.900000000000000000e+01 0.000000000000000000e+00 1.000000000000000000e+00 1.600000000000000000e+01 3.000000000000000000e+00
3.024609676163740701e+01 4.207639389166111243e+00 -3.067952967666449648e-01 1.000000000000000000e+00 5.500000000000000000e+01 0.000000000000000000e+00 -8.750000000000000000e+00 -5.000000000000000000e-01 -2.534926831722259521e-01 -3.255234286189079285e-02 1.000000000000000000e+00 3.000000000000000000e+00 2.000000000000000000e+01 2.000000000000000000e+01 0.000000000000000000e+00 1.000000000000000000e+00 1.600000000000000000e+01 3.000000000000000000e+00
2.916957505470778855e+01 1.262435509527527877e+01 -3.066344468372056431e-01 1.000000000000000000e+00 5.600000000000000000e+01 3.500000000000000000e+00 -8.750000000000000000e+00 -5.000000000000000000e-01 -3.304125368595123291e-01 -1.222712993621826172e-01 1.000000000000000000e+00 3.000000000000000000e+00 2.000000000000000000e+01 2.000000000000000000e+01 0.000000000000000000e+00 1.000000000000000000e+00 1.600000000000000000e+01 3.000000000000000000e+00
3.068715998704695025e+01 7.001462799649061708e+00 -3.108290356631585594e-01 1.000000000000000000e+00 5.700000000000000000e+01 1.250000000000000000e+01 -8.750000000000000000e+00 -5.000000000000000000e-01 -2.823442518711090088e-01 -5.723194032907485962e-02 1.000000000000000000e+00 3.000000000000000000e+00 1.900000000000000000e+01 1.900000000000000000e+01 0.000000000000000000e+00 1.000000000000000000e+00 1.600000000000000000e+01 3.000000000000000000e+00
3.192842491247016667e+01 -3.817930175644379087e+00 -3.103059866612001283e-01 0.000000000000000000e+00 5.800000000000000000e+01 1.900000000000000000e+01 2.500000000000000000e+00 0.000000000000000000e+00 1.097298431396484375e+01 -9.429907798767089844e-01 1.000000000000000000e+00 3.000000000000000000e+00 1.900000000000000000e+01 1.900000000000000000e+01 0.000000000000000000e+00 1.000000000000000000e+00 1.600000000000000000e+01 3.000000000000000000e+00
3.148442525393166491e+01 -6.811732025535830459e+00 -3.061301009811925322e-01 0.000000000000000000e+00 5.900000000000000000e+01 8.500000000000000000e+00 -4.750000000000000000e+00 0.000000000000000000e+00 3.701350212097167969e+00 -6.136448979377746582e-01 1.000000000000000000e+00 3.000000000000000000e+00 2.000000000000000000e+01 2.000000000000000000e+01 0.000000000000000000e+00 1.000000000000000000e+00 1.600000000000000000e+01 3.000000000000000000e+00
9.903760087166222803e+00 3.550975162185101652e+01 -2.225568759377410111e-01 4.000000000000000000e+00 6.000000000000000000e+01 2.900000000000000000e+01 0.000000000000000000e+00 0.000000000000000000e+00 1.405581951141357422e+00 3.175903797149658203e+00 1.000000000000000000e+00 0.000000000000000000e+00 0.000000000000000000e+00 0.000000000000000000e+00 7.000000000000000000e+00 6.000000000000000000e+00 0.000000000000000000e+00 0.000000000000000000e+00
3.207260546708832294e+01 -7.620456647038707843e+00 -3.086270210958572680e-01 0.000000000000000000e+00 6.100000000000000000e+01 1.050000000000000000e+01 -4.750000000000000000e+00 0.000000000000000000e+00 3.678420782089233398e+00 -6.766007542610168457e-01 1.000000000000000000e+00 3.000000000000000000e+00 1.900000000000000000e+01 1.900000000000000000e+01 0.000000000000000000e+00 1.000000000000000000e+00 1.600000000000000000e+01 3.000000000000000000e+00
3.014949367342528674e+01 -1.599311511706854461e+01 -2.934603173255022068e-01 0.000000000000000000e+00 6.200000000000000000e+01 -2.500000000000000000e+00 -4.750000000000000000e+00 0.000000000000000000e+00 3.227512359619140625e+00 -1.359414219856262207e+00 1.000000000000000000e+00 1.000000000000000000e+00 2.000000000000000000e+01 2.000000000000000000e+01 4.000000000000000000e+00 3.000000000000000000e+00 1.600000000000000000e+01 3.000000000000000000e+00
3.346950130634053266e+01 -7.840995194395404155e+00 -3.156377495856524940e-01 0.000000000000000000e+00 6.300000000000000000e+01 2.300000000000000000e+01 -4.750000000000000000e+00 0.000000000000000000e+00 3.680313110351562500e+00 -6.716571450233459473e-01 1.000000000000000000e+00 3.000000000000000000e+00 1.900000000000000000e+01 1.900000000000000000e+01 0.000000000000000000e+00 1.000000000000000000e+00 1.600000000000000000e+01 3.000000000000000000e+00
3.133466720286009988e+01 -1.701062981304839283e+01 -2.988806168869746482e-01 0.000000000000000000e+00 6.400000000000000000e+01 -5.000000000000000000e-01 -4.750000000000000000e+00 0.000000000000000000e+00 3.197152376174926758e+00 -1.388237237930297852e+00 1.000000000000000000e+00 3.000000000000000000e+00 2.000000000000000000e+01 2.000000000000000000e+01 4.000000000000000000e+00 3.000000000000000000e+00 1.600000000000000000e+01 3.000000000000000000e+00
3.426353097005765846e+01 -8.252700069306493802e+00 -3.194408054005563602e-01 0.000000000000000000e+00 6.500000000000000000e+01 1.100000000000000000e+01 -4.750000000000000000e+00 0.000000000000000000e+00 3.672029495239257812e+00 -6.930055618286132812e-01 1.000000000000000000e+00 3.000000000000000000e+00 1.900000000000000000e+01 1.900000000000000000e+01 1.100000000000000000e+01 3.000000000000000000e+00 1.600000000000000000e+01 3.000000000000000000e+00
3.506343349303170953e+01 -8.264448542186221047e+00 -3.235281544435438805e-01 0.000000000000000000e+00 6.600000000000000000e+01 7.000000000000000000e+00 -4.750000000000000000e+00 0.000000000000000000e+00 3.676887750625610352e+00 -6.805778145790100098e-01 1.000000000000000000e+00 3.000000000000000000e+00 1.900000000000000000e+01 1.900000000000000000e+01 0.000000000000000000e+00 1.000000000000000000e+00 1.600000000000000000e+01 3.000000000000000000e+00
3.263082679511023798e+01 1.677396915357430984e+01 -3.269907660707105923e-01 0.000000000000000000e+00 6.700000000000000000e+01 3.000000000000000000e+00 -4.250000000000000000e+00 -5.000000000000000000e-01 3.409492254257202148e+00 1.520211696624755859e+00 1.000000000000000000e+00 3.000000000000000000e+00 2.100000000000000000e+01 1.900000000000000000e+01 0.000000000000000000e+00 1.000000000000000000e+00 1.600000000000000000e+01 3.000000000000000000e+00
3.667762533482009246e+01 6.313414089186720979e+00 -3.410577425395614481e-01 1.000000000000000000e+00 6.800000000000000000e+01 1.500000000000000000e+00 -8.750000000000000000e+00 -7.500000000000000000e-01 -3.055700659751892090e-01 -4.903334006667137146e-02 1.000000000000000000e+00 3.000000000000000000e+00 1.900000000000000000e+01 1.900000000000000000e+01 0.000000000000000000e+00 1.000000000000000000e+00 1.600000000000000000e+01 3.000000000000000000e+00
3.666324235321590663e+01 -8.287945543966811712e+00 -3.317028720195364655e-01 0.000000000000000000e+00 6.900000000000000000e+01 1.250000000000000000e+01 -4.750000000000000000e+00 0.000000000000000000e+00 3.685842037200927734e+00 -6.569671630859375000e-01 1.000000000000000000e+00 3.000000000000000000e+00 1.900000000000000000e+01 1.900000000000000000e+01 9.000000000000000000e+00 3.000000000000000000e+00 1.600000000000000000e+01 3.000000000000000000e+00
3.430200375677078739e+01 -1.925444970024955893e+01 -3.126445756278053989e-01 1.000000000000000000e+00 7.000000000000000000e+01 -2.000000000000000000e+00 -9.000000000000000000e+00 -5.000000000000000000e-01 -1.839929670095443726e-01 8.391874283552169800e-02 1.000000000000000000e+00 3.000000000000000000e+00 2.000000000000000000e+01 2.000000000000000000e+01 4.000000000000000000e+00 3.000000000000000000e+00 1.600000000000000000e+01 3.000000000000000000e+00
3.586950806280380277e+01 -2.147770781075278634e+01 -3.192556602815118660e-01 3.000000000000000000e+00 7.100000000000000000e+01 -3.500000000000000000e+00 -9.000000000000000000e+00 -7.500000000000000000e-01 -6.670799106359481812e-02 3.272763267159461975e-02 1.000000000000000000e+00 3.000000000000000000e+00 2.000000000000000000e+01 2.000000000000000000e+01 4.000000000000000000e+00 3.000000000000000000e+00 1.600000000000000000e+01 3.000000000000000000e+00
4.138014201552287830e+01 -3.563638146382041016e-01 -3.608910134912795553e-01 1.000000000000000000e+00 7.200000000000000000e+01 1.000000000000000000e+01 -8.750000000000000000e+00 -7.500000000000000000e-01 -1.995960921049118042e-01 -1.252695219591259956e-03 1.000000000000000000e+00 3.000000000000000000e+00 1.900000000000000000e+01 1.900000000000000000e+01 0.000000000000000000e+00 1.000000000000000000e+00 1.600000000000000000e+01 3.000000000000000000e+00
4.363566902895175303e+01 3.410917178518739767e+00 -3.748320261432218636e-01 0.000000000000000000e+00 7.300000000000000000e+01 1.000000000000000000e+00 7.500000000000000000e-01 0.000000000000000000e+00 9.243835449218750000e+00 7.579944729804992676e-01 1.000000000000000000e+00 1.000000000000000000e+00 2.000000000000000000e+01 2.000000000000000000e+01 0.000000000000000000e+00 1.000000000000000000e+00 1.600000000000000000e+01 3.000000000000000000e+00
4.335934520254895119e+01 -1.785583802716575574e+00 -3.701143685711145714e-01 1.000000000000000000e+00 7.400000000000000000e+01 8.500000000000000000e+00 -8.750000000000000000e+00 -7.500000000000000000e-01 -1.785760819911956787e-01 3.944451920688152313e-03 1.000000000000000000e+00 3.000000000000000000e+00 1.900000000000000000e+01 1.900000000000000000e+01 0.000000000000000000e+00 1.000000000000000000e+00 1.600000000000000000e+01 3.000000000000000000e+00
4.255620707115657808e+01 1.162765426284772374e+01 -3.745290097708187660e-01 3.000000000000000000e+00 7.500000000000000000e+01 5.500000000000000000e+00 -8.500000000000000000e+00 -7.500000000000000000e-01 -1.232241094112396240e-01 -3.105853497982025146e-02 1.000000000000000000e+00 3.000000000000000000e+00 2.000000000000000000e+01 2.000000000000000000e+01 1.600000000000000000e+01 1.000000000000000000e+00 1.600000000000000000e+01 3.000000000000000000e+00
4.405617722595906116e+01 4.804891751534998257e+00 -3.778707377247299548e-01 1.000000000000000000e+00 7.600000000000000000e+01 -4.000000000000000000e+00 -7.750000000000000000e+00 0.000000000000000000e+00 7.968198657035827637e-01 8.695454895496368408e-02 1.000000000000000000e+00 1.000000000000000000e+00 2.000000000000000000e+01 2.000000000000000000e+01 4.000000000000000000e+00 3.000000000000000000e+00 1.600000000000000000e+01 3.000000000000000000e+00
4.405324079633059853e+01 4.604913550519317056e+00 -3.777285911106881278e-01 3.000000000000000000e+00 7.700000000000000000e+01 -4.500000000000000000e+00 -8.250000000000000000e+00 -7.500000000000000000e-01 2.249063998460769653e-01 2.365087158977985382e-02 1.000000000000000000e+00 3.000000000000000000e+00 2.000000000000000000e+01 2.000000000000000000e+01 9.000000000000000000e+00 3.000000000000000000e+00 1.600000000000000000e+01 3.000000000000000000e+00
4.425027712976756789e+01 4.401997796513916761e+00 -3.786082668009757013e-01 3.000000000000000000e+00 7.800000000000000000e+01 3.500000000000000000e+00 -8.750000000000000000e+00 -7.500000000000000000e-01 -2.666735947132110596e-01 -2.687817066907882690e-02 1.000000000000000000e+00 3.000000000000000000e+00 1.900000000000000000e+01 1.900000000000000000e+01 9.000000000000000000e+00 3.000000000000000000e+00 1.600000000000000000e+01 3.000000000000000000e+00
4.378836351665277959e+01 1.380979364383262187e+01 -3.822236571903858682e-01 3.000000000000000000e+00 7.900000000000000000e+01 -4.500000000000000000e+00 -8.500000000000000000e+00 -7.500000000000000000e-01 -1.467311233282089233e-01 -4.255202412605285645e-02 1.000000000000000000e+00 3.000000000000000000e+00 1.900000000000000000e+01 2.000000000000000000e+01 4.000000000000000000e+00 3.000000000000000000e+00 1.600000000000000000e+01 3.000000000000000000e+00
4.231278236150133409e+01 -1.857201982988381062e+01 -3.540866928494998955e-01 1.000000000000000000e+00 8.000000000000000000e+01 5.500000000000000000e+00 -9.000000000000000000e+00 -7.500000000000000000e-01 -1.546375304460525513e-01 5.649003386497497559e-02 1.000000000000000000e+00 3.000000000000000000e+00 1.900000000000000000e+01 1.900000000000000000e+01 0.000000000000000000e+00 1.000000000000000000e+00 1.600000000000000000e+01 3.000000000000000000e+00
4.702938665662917117e+01 2.961029458329296205e+00 -3.919189905409049546e-01 0.000000000000000000e+00 8.100000000000000000e+01 -4.500000000000000000e+00 7.500000000000000000e-01 0.000000000000000000e+00 9.261379241943359375e+00 6.417059898376464844e-01 1.000000000000000000e+00 1.000000000000000000e+00 2.000000000000000000e+01 2.100000000000000000e+01 9.000000000000000000e+00 3.000000000000000000e+00 1.600000000000000000e+01 3.000000000000000000e+00
4.330972502514747191e+01 -1.878668458957571730e+01 -3.590537367338882957e-01 1.000000000000000000e+00 8.200000000000000000e+01 -2.500000000000000000e+00 -9.000000000000000000e+00 -7.500000000000000000e-01 -1.571238338947296143e-01 5.687883123755455017e-02 1.000000000000000000e+00 3.000000000000000000e+00 2.000000000000000000e+01 2.000000000000000000e+01 1.100000000000000000e+01 3.000000000000000000e+00 1.600000000000000000e+01 3.000000000000000000e+00
4.698827660157495245e+01 1.613319025923239391e-01 -3.899289359956199519e-01 0.000000000000000000e+00 8.300000000000000000e+01 8.500000000000000000e+00 -7.500000000000000000e+00 0.000000000000000000e+00 1.054927825927734375e+00 1.777968183159828186e-02 1.000000000000000000e+00 3.000000000000000000e+00 1.900000000000000000e+01 2.000000000000000000e+01 0.000000000000000000e+00 1.000000000000000000e+00 1.600000000000000000e+01 3.000000000000000000e+00
4.799402857335921624e+01 5.466030571079745215e-01 -3.953224206541205432e-01 0.000000000000000000e+00 8.400000000000000000e+01 5.000000000000000000e-01 -7.500000000000000000e+00 0.000000000000000000e+00 1.054707407951354980e+00 2.520440518856048584e-02 1.000000000000000000e+00 3.000000000000000000e+00 2.000000000000000000e+01 2.000000000000000000e+01 1.100000000000000000e+01 3.000000000000000000e+00 1.600000000000000000e+01 3.000000000000000000e+00
4.786746280327872682e+01 5.549000220974450670e+00 -3.978542474304095355e-01 1.000000000000000000e+00 8.500000000000000000e+01 1.100000000000000000e+01 -8.750000000000000000e+00 -7.500000000000000000e-01 -2.770415544509887695e-01 -3.220224753022193909e-02 1.000000000000000000e+00 3.000000000000000000e+00 1.900000000000000000e+01 2.000000000000000000e+01 0.000000000000000000e+00 1.000000000000000000e+00 1.600000000000000000e+01 3.000000000000000000e+00
4.763548463859822846e+01 -1.024929291640487605e+01 -3.866246540761695272e-01 0.000000000000000000e+00 8.600000000000000000e+01 -4.000000000000000000e+00 -4.000000000000000000e+00 0.000000000000000000e+00 4.417267799377441406e+00 -7.742444276809692383e-01 1.000000000000000000e+00 3.000000000000000000e+00 2.000000000000000000e+01 2.000000000000000000e+01 4.000000000000000000e+00 3.000000000000000000e+00 1.600000000000000000e+01 3.000000000000000000e+00
4.897335265431198081e+01 -8.679312439179224237e-01 -3.994365846159660949e-01 3.000000000000000000e+00 8.700000000000000000e+01 5.000000000000000000e-01 -8.750000000000000000e+00 -7.500000000000000000e-01 -1.936366409063339233e-01 3.495246055535972118e-04 1.000000000000000000e+00 3.000000000000000000e+00 2.000000000000000000e+01 2.000000000000000000e+01 0.000000000000000000e+00 1.000000000000000000e+00 1.600000000000000000e+01 3.000000000000000000e+00
4.647410174773422398e+01 -2.123341885644649807e+01 -3.736973916717369892e-01 3.000000000000000000e+00 8.800000000000000000e+01 1.500000000000000000e+00 -9.000000000000000000e+00 -7.500000000000000000e-01 -1.397353857755661011e-01 5.384540185332298279e-02 1.000000000000000000e+00 3.000000000000000000e+00 1.900000000000000000e+01 2.000000000000000000e+01 0.000000000000000000e+00 1.000000000000000000e+00 1.600000000000000000e+01 3.000000000000000000e+00
5.242579511425212502e+01 2.681748784966786481e+00 -4.193664644150897902e-01 1.000000000000000000e+00 8.900000000000000000e+01 2.000000000000000000e+00 -8.750000000000000000e+00 -7.500000000000000000e-01 -2.380721420049667358e-01 -1.417096052318811417e-02 1.000000000000000000e+00 3.000000000000000000e+00 1.900000000000000000e+01 2.000000000000000000e+01 0.000000000000000000e+00 1.000000000000000000e+00 1.600000000000000000e+01 3.000000000000000000e+00
5.250214235460214240e+01 7.881186779230907824e+00 -4.230622797692196735e-01 1.000000000000000000e+00 9.000000000000000000e+01 7.000000000000000000e+00 -8.750000000000000000e+00 -7.500000000000000000e-01 -2.976887822151184082e-01 -4.404579102993011475e-02 1.000000000000000000e+00 3.000000000000000000e+00 1.900000000000000000e+01 1.900000000000000000e+01 0.000000000000000000e+00 1.000000000000000000e+00 1.600000000000000000e+01 3.000000000000000000e+00
5.394602111691673940e+01 1.086030278562459728e+01 -4.323473564560138538e-01 1.000000000000000000e+00 9.100000000000000000e+01 1.400000000000000000e+01 -8.500000000000000000e+00 -1.000000000000000000e+00 -1.320561468601226807e-01 -2.566539496183395386e-02 1.000000000000000000e+00 3.000000000000000000e+00 1.900000000000000000e+01 2.000000000000000000e+01 0.000000000000000000e+00 1.000000000000000000e+00 1.600000000000000000e+01 3.000000000000000000e+00
5.514000394923893111e+01 1.044272364626307592e+01 -4.381940965374202523e-01 1.000000000000000000e+00 9.200000000000000000e+01 9.500000000000000000e+00 -8.500000000000000000e+00 -1.000000000000000000e+00 -1.226960867643356323e-01 -2.258087508380413055e-02 1.000000000000000000e+00 3.000000000000000000e+00 1.900000000000000000e+01 2.000000000000000000e+01 1.100000000000000000e+01 3.000000000000000000e+00 1.600000000000000000e+01 3.000000000000000000e+00
5.686343833213855703e+01 5.216851097228644818e+00 -4.436948210636123546e-01 3.000000000000000000e+00 9.300000000000000000e+01 -3.000000000000000000e+00 -8.750000000000000000e+00 -1.000000000000000000e+00 -2.876772880554199219e-01 -2.776632085442543030e-02 1.000000000000000000e+00 3.000000000000000000e+00 1.900000000000000000e+01 2.000000000000000000e+01 1.100000000000000000e+01 3.000000000000000000e+00 1.600000000000000000e+01 3.000000000000000000e+00
5.771326020780345800e+01 8.604735379114984539e+00 -4.501986649176406008e-01 1.000000000000000000e+00 9.400000000000000000e+01 1.100000000000000000e+01 -8.750000000000000000e+00 -1.000000000000000000e+00 -3.343015611171722412e-01 -4.962288960814476013e-02 1.000000000000000000e+00 3.000000000000000000e+00 1.900000000000000000e+01 1.900000000000000000e+01 0.000000000000000000e+00 1.000000000000000000e+00 1.600000000000000000e+01 3.000000000000000000e+00
4.231925356783649761e+01 -4.537499973043141921e+01 -3.370827118557601643e-01 1.000000000000000000e+00 9.500000000000000000e+01 9.500000000000000000e+00 -9.250000000000000000e+00 -7.500000000000000000e-01 -1.480910554528236389e-02 1.340014208108186722e-02 1.000000000000000000e+00 3.000000000000000000e+00 2.000000000000000000e+01 2.100000000000000000e+01 0.000000000000000000e+00 1.000000000000000000e+00 1.700000000000000000e+01 3.000000000000000000e+00
6.130695060904783134e+01 8.151910821114283223e+00 -4.683074521280094493e-01 1.000000000000000000e+00 9.600000000000000000e+01 1.550000000000000000e+01 -8.500000000000000000e+00 -1.000000000000000000e+00 -7.661905884742736816e-02 -1.031410414725542068e-02 1.000000000000000000e+00 3.000000000000000000e+00 1.900000000000000000e+01 2.000000000000000000e+01 0.000000000000000000e+00 1.000000000000000000e+00 1.600000000000000000e+01 3.000000000000000000e+00
6.268916428615571590e+01 6.931480315107898527e+00 -4.746074468697871196e-01 1.000000000000000000e+00 9.700000000000000000e+01 4.000000000000000000e+00 -8.750000000000000000e+00 -1.000000000000000000e+00 -3.041341602802276611e-01 -3.482115641236305237e-02 1.000000000000000000e+00 3.000000000000000000e+00 1.900000000000000000e+01 2.000000000000000000e+01 1.100000000000000000e+01 3.000000000000000000e+00 1.600000000000000000e+01 3.000000000000000000e+00
6.162145186111047224e+01 1.594813014747847113e+01 -4.748730364435689300e-01 3.000000000000000000e+00 9.800000000000000000e+01 4.500000000000000000e+00 -8.500000000000000000e+00 -1.000000000000000000e+00 -1.801201254129409790e-01 -4.489719867706298828e-02 1.000000000000000000e+00 3.000000000000000000e+00 2.000000000000000000e+01 2.100000000000000000e+01 0.000000000000000000e+00 1.000000000000000000e+00 1.600000000000000000e+01 3.000000000000000000e+00
6.389225558790342063e+01 -6.487631895710422647e+00 -4.722364900213115724e-01 0.000000000000000000e+00 9.900000000000000000e+01 7.500000000000000000e+00 -1.250000000000000000e+00 0.000000000000000000e+00 7.259803295135498047e+00 -5.671721100807189941e-01 1.000000000000000000e+00 3.000000000000000000e+00 1.900000000000000000e+01 2.000000000000000000e+01 0.000000000000000000e+00 1.000000000000000000e+00 1.600000000000000000e+01 3.000000000000000000e+00
6.351843494065347784e+01 8.919515226720770684e+00 -4.801162825599231687e-01 1.000000000000000000e+00 1.000000000000000000e+02 0.000000000000000000e+00 -8.750000000000000000e+00 -1.000000000000000000e+00 -3.285325765609741211e-01 -4.659701883792877197e-02 1.000000000000000000e+00 3.000000000000000000e+00 1.900000000000000000e+01 2.100000000000000000e+01 1.100000000000000000e+01 3.000000000000000000e+00 1.600000000000000000e+01 3.000000000000000000e+00
6.527680735456253558e+01 1.969485257866348249e+01 -4.959669059378586375e-01 3.000000000000000000e+00 1.010000000000000000e+02 1.900000000000000000e+01 -8.500000000000000000e+00 -1.000000000000000000e+00 -2.135391384363174438e-01 -6.190841272473335266e-02 1.000000000000000000e+00 3.000000000000000000e+00 1.900000000000000000e+01 1.900000000000000000e+01 0.000000000000000000e+00 1.000000000000000000e+00 1.600000000000000000e+01 3.000000000000000000e+00
6.825912143692154643e+01 4.849457031629299308e+00 -5.017974421646820282e-01 3.000000000000000000e+00 1.020000000000000000e+02 2.000000000000000000e+00 -8.500000000000000000e+00 -1.000000000000000000e+00 -2.298775874078273773e-02 -1.818066695705056190e-03 1.000000000000000000e+00 3.000000000000000000e+00 2.000000000000000000e+01 2.100000000000000000e+01 0.000000000000000000e+00 1.000000000000000000e+00 1.600000000000000000e+01 3.000000000000000000e+00
6.850608475852257584e+01 8.046174397133331269e+00 -5.050936519849498207e-01 3.000000000000000000e+00 1.030000000000000000e+02 -2.500000000000000000e+00 -8.500000000000000000e+00 -1.000000000000000000e+00 -6.425119936466217041e-02 -7.816656492650508881e-03 1.000000000000000000e+00 3.000000000000000000e+00 2.000000000000000000e+01 2.200000000000000000e+01 4.000000000000000000e+00 3.000000000000000000e+00 1.600000000000000000e+01 3.000000000000000000e+00
6.683933247971589253e+01 -2.373276823886098441e+01 -4.763612651851117930e-01 3.000000000000000000e+00 1.040000000000000000e+02 1.250000000000000000e+01 -9.000000000000000000e+00 -1.000000000000000000e+00 -1.279864311218261719e-01 3.947408124804496765e-02 1.000000000000000000e+00 3.000000000000000000e+00 1.900000000000000000e+01 2.000000000000000000e+01 0.000000000000000000e+00 1.000000000000000000e+00 1.600000000000000000e+01 3.000000000000000000e+00
7.047354221215766756e+01 5.817040591822747686e+00 -5.137484198884459952e-01 3.000000000000000000e+00 1.050000000000000000e+02 -2.000000000000000000e+00 -8.500000000000000000e+00 -1.000000000000000000e+00 -3.349117934703826904e-02 -3.008973086252808571e-03 1.000000000000000000e+00 3.000000000000000000e+00 2.000000000000000000e+01 2.100000000000000000e+01 1.100000000000000000e+01 3.000000000000000000e+00 1.600000000000000000e+01 3.000000000000000000e+00
7.061742741097330622e+01 1.561598245408958618e+01 -5.207136110934845741e-01 3.000000000000000000e+00 1.060000000000000000e+02 3.000000000000000000e+00 -8.500000000000000000e+00 -1.000000000000000000e+00 -1.526523083448410034e-01 -3.319392725825309753e-02 1.000000000000000000e+00 3.000000000000000000e+00 1.900000000000000000e+01 2.000000000000000000e+01 0.000000000000000000e+00 1.000000000000000000e+00 1.600000000000000000e+01 3.000000000000000000e+00
7.163198868039420120e+01 1.660118880763432969e+01 -5.265335360177409996e-01 3.000000000000000000e+00 1.070000000000000000e+02 -3.000000000000000000e+00 -8.500000000000000000e+00 -1.000000000000000000e+00 -1.614537537097930908e-01 -3.673176467418670654e-02 1.000000000000000000e+00 3.000000000000000000e+00 2.100000000000000000e+01 2.200000000000000000e+01 1.100000000000000000e+01 3.000000000000000000e+00 1.600000000000000000e+01 3.000000000000000000e+00
7.515843648422620049e+01 -2.052607594441024030e+00 -5.327287908609978917e-01 3.000000000000000000e+00 1.080000000000000000e+02 1.850000000000000000e+01 -8.750000000000000000e+00 -1.250000000000000000e+00 -1.812914311885833740e-01 1.999537926167249680e-03 1.000000000000000000e+00 3.000000000000000000e+00 1.900000000000000000e+01 2.000000000000000000e+01 0.000000000000000000e+00 1.000000000000000000e+00 1.600000000000000000e+01 3.000000000000000000e+00
6.788649753283507948e+01 -3.414926511359796280e+01 -4.751006886319767419e-01 3.000000000000000000e+00 1.090000000000000000e+02 1.000000000000000000e+00 -9.000000000000000000e+00 -1.000000000000000000e+00 -6.392676848918199539e-03 2.828844357281923294e-03 1.000000000000000000e+00 3.000000000000000000e+00 2.100000000000000000e+01 2.200000000000000000e+01 0.000000000000000000e+00 1.000000000000000000e+00 1.600000000000000000e+01 3.000000000000000000e+00
7.484628093443473063e+01 1.755408687476511176e+01 -5.435936659377085256e-01 3.000000000000000000e+00 1.100000000000000000e+02 2.000000000000000000e+00 -8.500000000000000000e+00 -1.250000000000000000e+00 -2.191636115312576294e-01 -5.059703439474105835e-02 1.000000000000000000e+00 3.000000000000000000e+00 2.000000000000000000e+01 2.100000000000000000e+01 0.000000000000000000e+00 1.000000000000000000e+00 1.600000000000000000e+01 3.000000000000000000e+00
7.091549915094947210e+01 -3.219353991875597387e+01 -4.918497283011112331e-01 3.000000000000000000e+00 1.110000000000000000e+02 6.500000000000000000e+00 -9.000000000000000000e+00 -1.000000000000000000e+00 -4.303664341568946838e-02 1.720359362661838531e-02 1.000000000000000000e+00 3.000000000000000000e+00 2.000000000000000000e+01 2.100000000000000000e+01 0.000000000000000000e+00 1.000000000000000000e+00 1.600000000000000000e+01 3.000000000000000000e+00
7.108317118110083754e+01 -3.439623815970383447e+01 -4.913079375120763537e-01 3.000000000000000000e+00 1.120000000000000000e+02 5.000000000000000000e-01 -9.000000000000000000e+00 -1.000000000000000000e+00 -1.949831098318099976e-02 8.324278518557548523e-03 1.000000000000000000e+00 3.000000000000000000e+00 2.100000000000000000e+01 2.200000000000000000e+01 1.100000000000000000e+01 3.000000000000000000e+00 1.600000000000000000e+01 3.000000000000000000e+00
7.814632807529036995e+01 -2.896578048193448662e+00 -5.474877773404644987e-01 3.000000000000000000e+00 1.130000000000000000e+02 1.200000000000000000e+01 -8.750000000000000000e+00 -1.250000000000000000e+00 -1.700189709663391113e-01 3.416456980630755424e-03 1.000000000000000000e+00 3.000000000000000000e+00 1.900000000000000000e+01 2.000000000000000000e+01 9.000000000000000000e+00 3.000000000000000000e+00 1.600000000000000000e+01 3.000000000000000000e+00
7.834337204245029795e+01 -3.099493556651893744e+00 -5.483674922649655059e-01 3.000000000000000000e+00 1.140000000000000000e+02 1.050000000000000000e+01 -8.750000000000000000e+00 -1.250000000000000000e+00 -1.671413928270339966e-01 3.744913265109062195e-03 1.000000000000000000e+00 3.000000000000000000e+00 1.900000000000000000e+01 2.000000000000000000e+01 9.000000000000000000e+00 3.000000000000000000e+00 1.600000000000000000e+01 3.000000000000000000e+00
7.907543743867034891e+01 5.890722611344377135e+00 -5.578296028221342295e-01 3.000000000000000000e+00 1.150000000000000000e+02 -1.500000000000000000e+00 -8.500000000000000000e+00 -1.250000000000000000e+00 -4.758937284350395203e-02 -3.956493455916643143e-03 1.000000000000000000e+00 3.000000000000000000e+00 2.000000000000000000e+01 2.100000000000000000e+01 9.000000000000000000e+00 3.000000000000000000e+00 1.600000000000000000e+01 3.000000000000000000e+00
7.287414729469618635e+01 -3.502260975747052640e+01 -5.000780553457692124e-01 3.000000000000000000e+00 1.160000000000000000e+02 1.500000000000000000e+00 -9.000000000000000000e+00 -1.250000000000000000e+00 6.867196410894393921e-02 -2.917267568409442902e-02 1.000000000000000000e+00 3.000000000000000000e+00 2.000000000000000000e+01 2.100000000000000000e+01 0.000000000000000000e+00 1.000000000000000000e+00 1.600000000000000000e+01 3.000000000000000000e+00
7.846639921633723702e+01 1.890106707947682452e+01 -5.629817733522622936e-01 3.000000000000000000e+00 1.170000000000000000e+02 4.000000000000000000e+00 -8.500000000000000000e+00 -1.250000000000000000e+00 -2.263909727334976196e-01 -5.378792807459831238e-02 1.000000000000000000e+00 3.000000000000000000e+00 1.900000000000000000e+01 2.100000000000000000e+01 0.000000000000000000e+00 1.000000000000000000e+00 1.600000000000000000e+01 3.000000000000000000e+00
8.319564296436418260e+01 4.296266810479052456e-01 -5.754502280326991848e-01 3.000000000000000000e+00 1.180000000000000000e+02 1.100000000000000000e+01 -8.750000000000000000e+00 -1.250000000000000000e+00 -2.183857560157775879e-01 -4.143479745835065842e-03 1.000000000000000000e+00 3.000000000000000000e+00 2.000000000000000000e+01 2.100000000000000000e+01 0.000000000000000000e+00 1.000000000000000000e+00 1.600000000000000000e+01 3.000000000000000000e+00
7.975554078870661101e+01 -2.952307454794944519e+01 -5.388006425718108172e-01 3.000000000000000000e+00 1.190000000000000000e+02 -1.000000000000000000e+00 -9.250000000000000000e+00 -1.250000000000000000e+00 -2.623021900653839111e-01 8.571767807006835938e-02 1.000000000000000000e+00 3.000000000000000000e+00 2.100000000000000000e+01 2.200000000000000000e+01 4.000000000000000000e+00 3.000000000000000000e+00 1.600000000000000000e+01 3.000000000000000000e+00
8.518071901589792105e+01 -5.996365474098732662e-01 -5.849578765947960335e-01 3.000000000000000000e+00 1.200000000000000000e+02 7.500000000000000000e+00 -8.750000000000000000e+00 -1.250000000000000000e+00 -2.044210433959960938e-01 -1.562169636599719524e-03 1.000000000000000000e+00 3.000000000000000000e+00 2.000000000000000000e+01 2.100000000000000000e+01 0.000000000000000000e+00 1.000000000000000000e+00 1.600000000000000000e+01 3.000000000000000000e+00
8.243450861190976298e+01 -2.416184090353403846e+01 -5.559224938021962714e-01 3.000000000000000000e+00 1.210000000000000000e+02 5.000000000000000000e+00 -9.000000000000000000e+00 -1.250000000000000000e+00 -1.192144751548767090e-01 3.060551360249519348e-02 1.000000000000000000e+00 3.000000000000000000e+00 1.900000000000000000e+01 2.100000000000000000e+01 0.000000000000000000e+00 1.000000000000000000e+00 1.600000000000000000e+01 3.000000000000000000e+00
8.677758762959219041e+01 -8.231118729796229605e-01 -5.929904279396400746e-01 3.000000000000000000e+00 1.220000000000000000e+02 1.750000000000000000e+01 -8.750000000000000000e+00 -1.250000000000000000e+00 -2.016080468893051147e-01 -1.081588212400674820e-03 1.000000000000000000e+00 3.000000000000000000e+00 1.900000000000000000e+01 2.100000000000000000e+01 1.100000000000000000e+01 3.000000000000000000e+00 1.600000000000000000e+01 3.000000000000000000e+00
8.734815687244727656e+01 -2.831707242975785022e+00 -5.946345063333762226e-01 3.000000000000000000e+00 1.230000000000000000e+02 2.050000000000000000e+01 -8.750000000000000000e+00 -1.250000000000000000e+00 -1.751233339309692383e-01 2.800479531288146973e-03 1.000000000000000000e+00 3.000000000000000000e+00 1.900000000000000000e+01 2.000000000000000000e+01 0.000000000000000000e+00 1.000000000000000000e+00 1.600000000000000000e+01 3.000000000000000000e+00
8.832160808856420431e+01 -4.646198325971601761e+00 -5.984643767970737605e-01 3.000000000000000000e+00 1.240000000000000000e+02 1.550000000000000000e+01 -8.750000000000000000e+00 -1.250000000000000000e+00 -1.516815871000289917e-01 5.280054640024900436e-03 1.000000000000000000e+00 3.000000000000000000e+00 1.900000000000000000e+01 2.100000000000000000e+01 1.100000000000000000e+01 3.000000000000000000e+00 1.600000000000000000e+01 3.000000000000000000e+00
