-2.868821303913353660e+00 4.101098528345672456e+00 -9.787427152427216615e-02 4.000000000000000000e+00 0.000000000000000000e+00 5.000000000000000000e+00 0.000000000000000000e+00 0.000000000000000000e+00 1.904924750328063965e+00 3.550086498260498047e+00 1.000000000000000000e+00 0.000000000000000000e+00 0.000000000000000000e+00 0.000000000000000000e+00 7.000000000000000000e+00 6.000000000000000000e+00 0.000000000000000000e+00 0.000000000000000000e+00
-2.871238450023982480e+00 3.901114159841535312e+00 -9.729680743661986431e-02 1.000000000000000000e+00 1.000000000000000000e+00 2.000000000000000000e+00 -8.250000000000000000e+00 0.000000000000000000e+00 6.508148461580276489e-02 1.153717115521430969e-01 1.000000000000000000e+00 3.000000000000000000e+00 1.900000000000000000e+01 1.900000000000000000e+01 0.000000000000000000e+00 1.000000000000000000e+00 1.900000000000000000e+01 3.000000000000000000e+00
-1.478593428231699924e+00 3.284235229762884956e+00 -9.730132389078345601e-02 1.000000000000000000e+00 2.000000000000000000e+00 -3.500000000000000000e+00 -8.500000000000000000e+00 0.000000000000000000e+00 3.537390148267149925e-03 3.242607694119215012e-03 1.000000000000000000e+00 3.000000000000000000e+00 1.900000000000000000e+01 1.900000000000000000e+01 0.000000000000000000e+00 1.000000000000000000e+00 1.700000000000000000e+01 3.000000000000000000e+00
-2.380054533320085763e+00 -5.105444623138660987e+00 -7.205528900318569629e-02 4.000000000000000000e+00 3.000000000000000000e+00 7.500000000000000000e+00 0.000000000000000000e+00 0.000000000000000000e+00 1.960493087768554688e+00 -3.570898294448852539e+00 1.000000000000000000e+00 0.000000000000000000e+00 0.000000000000000000e+00 0.000000000000000000e+00 7.000000000000000000e+00 6.000000000000000000e+00 0.000000000000000000e+00 0.000000000000000000e+00
7.164100955896923750e-01 2.857669647746168717e+00 -9.887582689025267713e-02 1.000000000000000000e+00 4.000000000000000000e+00 4.500000000000000000e+00 -8.500000000000000000e+00 -2.500000000000000000e-01 -9.989064931869506836e-02 -4.994532465934753418e-02 1.000000000000000000e+00 3.000000000000000000e+00 1.900000000000000000e+01 1.900000000000000000e+01 0.000000000000000000e+00 1.000000000000000000e+00 1.600000000000000000e+01 3.000000000000000000e+00
3.502796140758652754e-01 5.662288937985916704e+00 -1.064640706087616878e-01 1.000000000000000000e+00 5.000000000000000000e+00 0.000000000000000000e+00 -8.500000000000000000e+00 -2.500000000000000000e-01 -1.207334324717521667e-01 -1.274408400058746338e-01 1.000000000000000000e+00 3.000000000000000000e+00 1.900000000000000000e+01 1.900000000000000000e+01 0.000000000000000000e+00 1.000000000000000000e+00 1.700000000000000000e+01 3.000000000000000000e+00
2.523528325929392579e+00 3.435862376395421247e+00 -1.028413914090314379e-01 1.000000000000000000e+00 6.000000000000000000e+00 -3.500000000000000000e+00 -8.500000000000000000e+00 -2.500000000000000000e-01 -9.537187963724136353e-02 -4.392126202583312988e-02 1.000000000000000000e+00 3.000000000000000000e+00 1.900000000000000000e+01 1.900000000000000000e+01 0.000000000000000000e+00 1.000000000000000000e+00 1.600000000000000000e+01 3.000000000000000000e+00
1.552607956779347376e+00 5.847766547514730462e+00 -1.085303166592228863e-01 1.000000000000000000e+00 7.000000000000000000e+00 -4.500000000000000000e+00 -8.500000000000000000e+00 -2.500000000000000000e-01 -1.207934021949768066e-01 -1.079819872975349426e-01 1.000000000000000000e+00 3.000000000000000000e+00 1.900000000000000000e+01 1.900000000000000000e+01 0.000000000000000000e+00 1.000000000000000000e+00 1.700000000000000000e+01 3.000000000000000000e+00
2.730765286363827649e+00 4.033398082235792437e+00 -1.048219155408345316e-01 1.000000000000000000e+00 8.000000000000000000e+00 -5.000000000000000000e+00 -8.000000000000000000e+00 -2.500000000000000000e-01 2.892099022865295410e-01 1.520206034183502197e-01 1.000000000000000000e+00 3.000000000000000000e+00 2.000000000000000000e+01 1.900000000000000000e+01 9.000000000000000000e+00 3.000000000000000000e+00 1.600000000000000000e+01 3.000000000000000000e+00
3.966933703430770564e+00 7.018659234824244919e+00 -1.149726657023428245e-01 1.000000000000000000e+00 9.000000000000000000e+00 -5.000000000000000000e+00 -8.500000000000000000e+00 -2.500000000000000000e-01 -1.187581196427345276e-01 -9.368696063756942749e-02 1.000000000000000000e+00 3.000000000000000000e+00 1.900000000000000000e+01 1.900000000000000000e+01 0.000000000000000000e+00 1.000000000000000000e+00 1.700000000000000000e+01 3.000000000000000000e+00
3.788064724119223570e+00 -7.780197861691877215e+00 -7.224028328936621390e-02 1.000000000000000000e+00 1.000000000000000000e+01 -3.500000000000000000e+00 -8.750000000000000000e+00 -2.500000000000000000e-01 -3.274152055382728577e-02 2.801218815147876740e-02 1.000000000000000000e+00 3.000000000000000000e+00 1.900000000000000000e+01 1.900000000000000000e+01 0.000000000000000000e+00 1.000000000000000000e+00 1.700000000000000000e+01 3.000000000000000000e+00
6.354670343011607159e+00 5.989721967151534265e+00 -1.150629036825671914e-01 1.000000000000000000e+00 1.100000000000000000e+01 1.200000000000000000e+01 -8.250000000000000000e+00 -2.500000000000000000e-01 9.088071435689926147e-02 4.862915351986885071e-02 1.000000000000000000e+00 3.000000000000000000e+00 1.900000000000000000e+01 1.900000000000000000e+01 0.000000000000000000e+00 1.000000000000000000e+00 1.600000000000000000e+01 3.000000000000000000e+00
6.387873098920628934e+00 -7.811630215480255934e+00 -7.546597554506961902e-02 1.000000000000000000e+00 1.200000000000000000e+01 8.500000000000000000e+00 -8.750000000000000000e+00 -2.500000000000000000e-01 -7.060493528842926025e-02 4.686706885695457458e-02 1.000000000000000000e+00 3.000000000000000000e+00 1.900000000000000000e+01 1.900000000000000000e+01 0.000000000000000000e+00 1.000000000000000000e+00 1.700000000000000000e+01 3.000000000000000000e+00
7.385382098339317025e+00 -8.023704425852681510e+00 -7.612916076618538030e-02 1.000000000000000000e+00 1.300000000000000000e+01 3.000000000000000000e+00 -8.750000000000000000e+00 -2.500000000000000000e-01 -7.921424508094787598e-02 4.966606944799423218e-02 1.000000000000000000e+00 3.000000000000000000e+00 1.900000000000000000e+01 1.900000000000000000e+01 1.100000000000000000e+01 3.000000000000000000e+00 1.700000000000000000e+01 3.000000000000000000e+00
7.568447097813793434e+00 -9.426014306490399619e+00 -7.233503792274521838e-02 1.000000000000000000e+00 1.400000000000000000e+01 -1.000000000000000000e+00 -8.750000000000000000e+00 -2.500000000000000000e-01 -5.692990869283676147e-02 4.136313870549201965e-02 1.000000000000000000e+00 3.000000000000000000e+00 1.900000000000000000e+01 1.900000000000000000e+01 0.000000000000000000e+00 1.000000000000000000e+00 1.700000000000000000e+01 3.000000000000000000e+00
8.585293289169239728e+00 -8.038211661628350768e+00 -7.761794135221129765e-02 1.000000000000000000e+00 1.500000000000000000e+01 5.000000000000000000e-01 -8.750000000000000000e+00 -2.500000000000000000e-01 -9.275382757186889648e-02 5.309820175170898438e-02 1.000000000000000000e+00 3.000000000000000000e+00 1.900000000000000000e+01 1.900000000000000000e+01 9.000000000000000000e+00 3.000000000000000000e+00 1.600000000000000000e+01 3.000000000000000000e+00
9.985189519536833203e+00 -8.055136768111744061e+00 -7.935485183871208992e-02 1.000000000000000000e+00 1.600000000000000000e+01 9.500000000000000000e+00 -8.750000000000000000e+00 -2.500000000000000000e-01 -1.067025512456893921e-01 5.545724555850028992e-02 1.000000000000000000e+00 3.000000000000000000e+00 1.900000000000000000e+01 1.900000000000000000e+01 0.000000000000000000e+00 1.000000000000000000e+00 1.600000000000000000e+01 3.000000000000000000e+00
8.546618911058658341e+00 -1.123796489529695286e+01 -6.837850631229364096e-02 3.000000000000000000e+00 1.700000000000000000e+01 -3.000000000000000000e+00 -8.500000000000000000e+00 -2.500000000000000000e-01 1.100646555423736572e-01 -8.853026479482650757e-02 1.000000000000000000e+00 3.000000000000000000e+00 1.900000000000000000e+01 1.900000000000000000e+01 9.000000000000000000e+00 3.000000000000000000e+00 1.700000000000000000e+01 3.000000000000000000e+00
9.768284439935964514e+00 -9.452610907334010548e+00 -7.506446919432217812e-02 1.000000000000000000e+00 1.800000000000000000e+01 1.500000000000000000e+00 -8.750000000000000000e+00 -2.500000000000000000e-01 -8.089719712734222412e-02 5.015626177191734314e-02 1.000000000000000000e+00 3.000000000000000000e+00 2.000000000000000000e+01 1.900000000000000000e+01 9.000000000000000000e+00 3.000000000000000000e+00 1.700000000000000000e+01 3.000000000000000000e+00
8.239137806374415618e+00 1.296742115737333201e+01 -1.375073388727696133e-01 2.000000000000000000e+00 1.900000000000000000e+01 -4.000000000000000000e+00 -9.750000000000000000e+00 0.000000000000000000e+00 -6.258894801139831543e-01 -6.211479306221008301e-01 1.000000000000000000e+00 1.000000000000000000e+00 2.000000000000000000e+01 2.000000000000000000e+01 0.000000000000000000e+00 1.000000000000000000e+00 1.800000000000000000e+01 3.000000000000000000e+00
1.238017855681637691e+01 -8.484120465001016242e+00 -8.117748464185303714e-02 1.000000000000000000e+00 2.000000000000000000e+01 5.000000000000000000e+00 -8.750000000000000000e+00 -2.500000000000000000e-01 -1.201131343841552734e-01 5.664426088333129883e-02 1.000000000000000000e+00 3.000000000000000000e+00 1.900000000000000000e+01 1.900000000000000000e+01 0.000000000000000000e+00 1.000000000000000000e+00 1.600000000000000000e+01 3.000000000000000000e+00
8.670531761543550431e+00 1.556238410218372259e+01 -1.455106385035078720e-01 2.000000000000000000e+00 2.100000000000000000e+01 5.000000000000000000e-01 -1.025000000000000000e+01 0.000000000000000000e+00 -7.458651065826416016e-01 -8.610354065895080566e-01 1.000000000000000000e+00 1.000000000000000000e+00 1.900000000000000000e+01 1.900000000000000000e+01 1.600000000000000000e+01 1.000000000000000000e+00 1.800000000000000000e+01 3.000000000000000000e+00
1.438244800551150426e+01 -8.308314826632765104e+00 -8.423625010060742380e-02 3.000000000000000000e+00 2.200000000000000000e+01 5.000000000000000000e+00 -8.750000000000000000e+00 -2.500000000000000000e-01 -1.371005624532699585e-01 5.665890499949455261e-02 1.000000000000000000e+00 3.000000000000000000e+00 1.900000000000000000e+01 1.900000000000000000e+01 0.000000000000000000e+00 1.000000000000000000e+00 1.600000000000000000e+01 3.000000000000000000e+00
1.417037627029093905e+01 -9.305819740517096150e+00 -8.110079582512839946e-02 1.000000000000000000e+00 2.300000000000000000e+01 -3.500000000000000000e+00 -8.750000000000000000e+00 -2.500000000000000000e-01 -1.208312809467315674e-01 5.667859688401222229e-02 1.000000000000000000e+00 3.000000000000000000e+00 2.000000000000000000e+01 2.000000000000000000e+01 0.000000000000000000e+00 1.000000000000000000e+00 1.600000000000000000e+01 3.000000000000000000e+00
1.616603351207932349e+01 6.871168971771884237e+00 -1.301086050126069593e-01 3.000000000000000000e+00 2.400000000000000000e+01 5.000000000000000000e-01 -7.500000000000000000e+00 -5.000000000000000000e-01 7.464373707771301270e-01 2.499860972166061401e-01 1.000000000000000000e+00 3.000000000000000000e+00 2.000000000000000000e+01 2.000000000000000000e+01 0.000000000000000000e+00 1.000000000000000000e+00 1.600000000000000000e+01 3.000000000000000000e+00
1.537028841472474916e+01 -9.320326987822081577e+00 -8.258957759433101231e-02 3.000000000000000000e+00 2.500000000000000000e+01 6.000000000000000000e+00 -8.750000000000000000e+00 -5.000000000000000000e-01 -3.630794212222099304e-02 1.603894680738449097e-02 1.000000000000000000e+00 3.000000000000000000e+00 1.900000000000000000e+01 1.900000000000000000e+01 0.000000000000000000e+00 1.000000000000000000e+00 1.600000000000000000e+01 3.000000000000000000e+00
1.637988316198537575e+01 -8.532477925272788255e+00 -8.614008738405722065e-02 1.000000000000000000e+00 2.600000000000000000e+01 5.000000000000000000e+00 -8.750000000000000000e+00 -5.000000000000000000e-01 -6.209067627787590027e-02 2.385891601443290710e-02 1.000000000000000000e+00 3.000000000000000000e+00 1.900000000000000000e+01 1.900000000000000000e+01 0.000000000000000000e+00 1.000000000000000000e+00 1.600000000000000000e+01 3.000000000000000000e+00
1.657261580958726910e+01 -9.134848889963608443e+00 -8.465582383839849456e-02 1.000000000000000000e+00 2.700000000000000000e+01 5.000000000000000000e-01 -8.750000000000000000e+00 -5.000000000000000000e-01 -5.110862478613853455e-02 2.086544968187808990e-02 1.000000000000000000e+00 3.000000000000000000e+00 1.900000000000000000e+01 1.900000000000000000e+01 1.100000000000000000e+01 3.000000000000000000e+00 1.600000000000000000e+01 3.000000000000000000e+00
1.801118831951029620e+01 -5.952021262637376964e+00 -9.563217035438735525e-02 0.000000000000000000e+00 2.800000000000000000e+01 1.850000000000000000e+01 -7.500000000000000000e+00 -5.000000000000000000e-01 1.048297762870788574e+00 -2.575559020042419434e-01 1.000000000000000000e+00 3.000000000000000000e+00 1.900000000000000000e+01 1.900000000000000000e+01 0.000000000000000000e+00 1.000000000000000000e+00 1.600000000000000000e+01 3.000000000000000000e+00
1.837973546456987606e+01 -8.556656655408675149e+00 -8.862138875515931935e-02 1.000000000000000000e+00 2.900000000000000000e+01 7.000000000000000000e+00 -8.750000000000000000e+00 -5.000000000000000000e-01 -7.746160775423049927e-02 2.724285237491130829e-02 1.000000000000000000e+00 3.000000000000000000e+00 1.900000000000000000e+01 1.900000000000000000e+01 0.000000000000000000e+00 1.000000000000000000e+00 1.600000000000000000e+01 3.000000000000000000e+00
1.920626425875213528e+01 -6.366497700692346662e+00 -9.596602020514899412e-02 0.000000000000000000e+00 3.000000000000000000e+01 2.500000000000000000e+00 -7.500000000000000000e+00 -5.000000000000000000e-01 1.048155784606933594e+00 -2.620389461517333984e-01 1.000000000000000000e+00 3.000000000000000000e+00 2.000000000000000000e+01 1.900000000000000000e+01 1.100000000000000000e+01 3.000000000000000000e+00 1.600000000000000000e+01 3.000000000000000000e+00
1.856763380842465239e+01 -9.558997310708457817e+00 -8.598219428063003100e-02 3.000000000000000000e+00 3.100000000000000000e+01 1.000000000000000000e+00 -8.750000000000000000e+00 -5.000000000000000000e-01 -5.908767879009246826e-02 2.308888360857963562e-02 1.000000000000000000e+00 3.000000000000000000e+00 1.900000000000000000e+01 1.900000000000000000e+01 9.000000000000000000e+00 3.000000000000000000e+00 1.600000000000000000e+01 3.000000000000000000e+00
1.685300502351506680e+01 1.406335978933212161e+01 -1.516417213380823470e-01 3.000000000000000000e+00 3.200000000000000000e+01 -3.000000000000000000e+00 -7.750000000000000000e+00 -5.000000000000000000e-01 2.968218922615051270e-01 1.947042942047119141e-01 1.000000000000000000e+00 3.000000000000000000e+00 2.000000000000000000e+01 2.000000000000000000e+01 4.000000000000000000e+00 3.000000000000000000e+00 1.700000000000000000e+01 3.000000000000000000e+00
1.567243196669992678e+01 1.567774291521225649e+01 -1.547726573900174984e-01 1.000000000000000000e+00 3.300000000000000000e+01 -1.000000000000000000e+00 -9.250000000000000000e+00 -5.000000000000000000e-01 -7.091533541679382324e-01 -5.473561882972717285e-01 1.000000000000000000e+00 3.000000000000000000e+00 2.000000000000000000e+01 1.900000000000000000e+01 0.000000000000000000e+00 1.000000000000000000e+00 1.700000000000000000e+01 3.000000000000000000e+00
2.135597976426890909e+01 6.008366336436868238e+00 -1.342501294302681780e-01 1.000000000000000000e+00 3.400000000000000000e+01 -4.000000000000000000e+00 -8.500000000000000000e+00 -5.000000000000000000e-01 -1.165418326854705811e-01 -2.781112119555473328e-02 1.000000000000000000e+00 3.000000000000000000e+00 1.900000000000000000e+01 1.900000000000000000e+01 4.000000000000000000e+00 3.000000000000000000e+00 1.600000000000000000e+01 3.000000000000000000e+00
2.035299913688572815e+01 -1.078066534629144613e+01 -8.475057965495419454e-02 3.000000000000000000e+00 3.500000000000000000e+01 -4.500000000000000000e+00 -9.000000000000000000e+00 -5.000000000000000000e-01 -2.642512321472167969e-01 1.083843037486076355e-01 1.000000000000000000e+00 3.000000000000000000e+00 2.000000000000000000e+01 1.900000000000000000e+01 4.000000000000000000e+00 3.000000000000000000e+00 1.600000000000000000e+01 3.000000000000000000e+00
2.237040880375079865e+01 7.196184135994434961e+00 -1.389555673952989900e-01 1.000000000000000000e+00 3.600000000000000000e+01 0.000000000000000000e+00 -8.500000000000000000e+00 -5.000000000000000000e-01 -1.304146647453308105e-01 -3.569743782281875610e-02 1.000000000000000000e+00 3.000000000000000000e+00 1.900000000000000000e+01 1.900000000000000000e+01 0.000000000000000000e+00 1.000000000000000000e+00 1.600000000000000000e+01 3.000000000000000000e+00
2.470013388192869286e+01 1.367617494619166152e+00 -1.251866541924298581e-01 0.000000000000000000e+00 3.700000000000000000e+01 3.000000000000000000e+01 -3.750000000000000000e+00 0.000000000000000000e+00 4.727975368499755859e+00 2.697167396545410156e-01 1.000000000000000000e+00 3.000000000000000000e+00 1.900000000000000000e+01 1.900000000000000000e+01 0.000000000000000000e+00 1.000000000000000000e+00 1.600000000000000000e+01 3.000000000000000000e+00
2.577982593267126532e+01 7.955018726992391542e+00 -1.454836383570770053e-01 1.000000000000000000e+00 3.800000000000000000e+01 -2.000000000000000000e+00 -8.750000000000000000e+00 -5.000000000000000000e-01 -3.618513345718383789e-01 -9.751188009977340698e-02 1.000000000000000000e+00 3.000000000000000000e+00 1.900000000000000000e+01 1.900000000000000000e+01 4.000000000000000000e+00 3.000000000000000000e+00 1.600000000000000000e+01 3.000000000000000000e+00
2.618704935728627703e+01 8.550136068030717240e+00 -1.477122927873370517e-01 1.000000000000000000e+00 3.900000000000000000e+01 0.000000000000000000e+00 -8.500000000000000000e+00 -5.000000000000000000e-01 -1.348070800304412842e-01 -3.845458105206489563e-02 1.000000000000000000e+00 3.000000000000000000e+00 1.900000000000000000e+01 1.900000000000000000e+01 9.000000000000000000e+00 3.000000000000000000e+00 1.600000000000000000e+01 3.000000000000000000e+00
2.599673196011309528e+01 9.352492377884995989e+00 -1.497740208078606194e-01 3.000000000000000000e+00 4.000000000000000000e+01 1.000000000000000000e+00 -8.500000000000000000e+00 -5.000000000000000000e-01 -1.449820399284362793e-01 -4.536535218358039856e-02 1.000000000000000000e+00 3.000000000000000000e+00 1.900000000000000000e+01 1.900000000000000000e+01 9.000000000000000000e+00 3.000000000000000000e+00 1.600000000000000000e+01 3.000000000000000000e+00
2.716216670596607230e+01 -1.006293461497140385e+01 -9.549686484068849179e-02 1.000000000000000000e+00 4.100000000000000000e+01 1.000000000000000000e+01 -8.750000000000000000e+00 -5.000000000000000000e-01 -1.031521409749984741e-01 3.088196553289890289e-02 1.000000000000000000e+00 3.000000000000000000e+00 1.900000000000000000e+01 1.900000000000000000e+01 0.000000000000000000e+00 1.000000000000000000e+00 1.600000000000000000e+01 3.000000000000000000e+00
2.834821328066468737e+01 5.323786698789532146e+00 -1.412022915789560296e-01 1.000000000000000000e+00 4.200000000000000000e+01 2.100000000000000000e+01 -8.500000000000000000e+00 -5.000000000000000000e-01 -8.767744898796081543e-02 -1.496291626244783401e-02 1.000000000000000000e+00 3.000000000000000000e+00 1.900000000000000000e+01 1.900000000000000000e+01 0.000000000000000000e+00 1.000000000000000000e+00 1.600000000000000000e+01 3.000000000000000000e+00
3.038190566337558352e+01 8.099391988513628959e+00 -1.517680984378881881e-01 1.000000000000000000e+00 4.300000000000000000e+01 9.500000000000000000e+00 -8.500000000000000000e+00 -5.000000000000000000e-01 -1.171412914991378784e-01 -2.812714688479900360e-02 1.000000000000000000e+00 3.000000000000000000e+00 1.900000000000000000e+01 1.900000000000000000e+01 0.000000000000000000e+00 1.000000000000000000e+00 1.600000000000000000e+01 3.000000000000000000e+00
3.140536216019292226e+01 -6.513987940686073230e+00 -1.111019571490597241e-01 0.000000000000000000e+00 4.400000000000000000e+01 1.450000000000000000e+01 -4.500000000000000000e+00 0.000000000000000000e+00 3.882103681564331055e+00 -6.470173001289367676e-01 1.000000000000000000e+00 3.000000000000000000e+00 1.900000000000000000e+01 1.900000000000000000e+01 0.000000000000000000e+00 1.000000000000000000e+00 1.600000000000000000e+01 3.000000000000000000e+00
3.166094256574532295e+01 -1.916761056124866247e+00 -1.246317746397610088e-01 3.000000000000000000e+00 4.500000000000000000e+01 -5.000000000000000000e+00 -8.750000000000000000e+00 -5.000000000000000000e-01 -2.373595535755157471e-01 9.674982167780399323e-03 1.000000000000000000e+00 3.000000000000000000e+00 2.000000000000000000e+01 2.000000000000000000e+01 4.000000000000000000e+00 3.000000000000000000e+00 1.600000000000000000e+01 3.000000000000000000e+00
2.909192170218716456e+01 -1.588666575333139441e+01 -8.123169114847814121e-02 0.000000000000000000e+00 4.600000000000000000e+01 4.000000000000000000e+00 -4.500000000000000000e+00 0.000000000000000000e+00 3.312983751296997070e+00 -1.492768764495849609e+00 1.000000000000000000e+00 1.000000000000000000e+00 2.000000000000000000e+01 2.000000000000000000e+01 0.000000000000000000e+00 1.000000000000000000e+00 1.600000000000000000e+01 3.000000000000000000e+00
3.157939684728320628e+01 7.884900418821774615e+00 -1.526794113867317448e-01 1.000000000000000000e+00 4.700000000000000000e+01 -3.500000000000000000e+00 -8.500000000000000000e+00 -5.000000000000000000e-01 -1.116858497262001038e-01 -2.532766573131084442e-02 1.000000000000000000e+00 3.000000000000000000e+00 2.000000000000000000e+01 2.000000000000000000e+01 1.100000000000000000e+01 3.000000000000000000e+00 1.600000000000000000e+01 3.000000000000000000e+00
3.363662338417181275e+01 -3.940785378503499636e+00 -1.213384296272081719e-01 0.000000000000000000e+00 4.800000000000000000e+01 1.900000000000000000e+01 2.500000000000000000e+00 0.000000000000000000e+00 1.090239524841308594e+01 -9.834635853767395020e-01 1.000000000000000000e+00 3.000000000000000000e+00 1.900000000000000000e+01 1.900000000000000000e+01 0.000000000000000000e+00 1.000000000000000000e+00 1.600000000000000000e+01 3.000000000000000000e+00
3.339071156882485525e+01 -7.738074312247815278e+00 -1.101184698638990878e-01 0.000000000000000000e+00 4.900000000000000000e+01 1.450000000000000000e+01 -4.500000000000000000e+00 0.000000000000000000e+00 3.851831674575805664e+00 -7.284553050994873047e-01 1.000000000000000000e+00 3.000000000000000000e+00 1.900000000000000000e+01 1.900000000000000000e+01 0.000000000000000000e+00 1.000000000000000000e+00 1.600000000000000000e+01 3.000000000000000000e+00
3.146884915533150462e+01 1.528674656479943650e+01 -1.737974755538837512e-01 0.000000000000000000e+00 5.000000000000000000e+01 2.000000000000000000e+00 3.000000000000000000e+00 0.000000000000000000e+00 9.695395469665527344e+00 4.181805133819580078e+00 1.000000000000000000e+00 1.000000000000000000e+00 2.000000000000000000e+01 2.000000000000000000e+01 0.000000000000000000e+00 1.000000000000000000e+00 1.600000000000000000e+01 3.000000000000000000e+00
3.417373550709082508e+01 -9.147637374325631399e+00 -1.070687428313732703e-01 0.000000000000000000e+00 5.100000000000000000e+01 1.200000000000000000e+01 -4.500000000000000000e+00 0.000000000000000000e+00 3.803653478622436523e+00 -8.398929834365844727e-01 1.000000000000000000e+00 3.000000000000000000e+00 1.900000000000000000e+01 1.900000000000000000e+01 1.100000000000000000e+01 3.000000000000000000e+00 1.600000000000000000e+01 3.000000000000000000e+00
3.373750629457068584e+01 -1.214256999821566829e+01 -9.791051108858778163e-02 0.000000000000000000e+00 5.200000000000000000e+01 6.500000000000000000e+00 -4.250000000000000000e+00 0.000000000000000000e+00 3.887982130050659180e+00 -1.166394591331481934e+00 1.000000000000000000e+00 1.000000000000000000e+00 1.900000000000000000e+01 1.900000000000000000e+01 0.000000000000000000e+00 1.000000000000000000e+00 1.600000000000000000e+01 3.000000000000000000e+00
3.402514695835622405e+01 1.165559274019316049e+01 -1.666288036047944843e-01 0.000000000000000000e+00 5.300000000000000000e+01 5.000000000000000000e+00 -4.250000000000000000e+00 0.000000000000000000e+00 3.874298572540283203e+00 1.202026128768920898e+00 1.000000000000000000e+00 1.000000000000000000e+00 2.000000000000000000e+01 2.000000000000000000e+01 1.600000000000000000e+01 1.000000000000000000e+00 1.600000000000000000e+01 3.000000000000000000e+00
3.517429898260044752e+01 7.441409463098199950e+00 -1.559908271422519865e-01 0.000000000000000000e+00 5.400000000000000000e+01 -4.500000000000000000e+00 -3.750000000000000000e+00 0.000000000000000000e+00 4.569042682647705078e+00 8.978964090347290039e-01 1.000000000000000000e+00 1.000000000000000000e+00 2.000000000000000000e+01 2.000000000000000000e+01 4.000000000000000000e+00 3.000000000000000000e+00 1.600000000000000000e+01 3.000000000000000000e+00
3.267473428677276814e+01 -1.733007898225872978e+01 -8.165578035624712627e-02 0.000000000000000000e+00 5.500000000000000000e+01 -3.500000000000000000e+00 -4.250000000000000000e+00 0.000000000000000000e+00 3.536249160766601562e+00 -1.572700262069702148e+00 1.000000000000000000e+00 3.000000000000000000e+00 2.000000000000000000e+01 2.000000000000000000e+01 1.100000000000000000e+01 3.000000000000000000e+00 1.600000000000000000e+01 3.000000000000000000e+00
3.578328441359765577e+01 -8.367042389170542549e+00 -1.113636397625644148e-01 0.000000000000000000e+00 5.600000000000000000e+01 1.400000000000000000e+01 -4.500000000000000000e+00 0.000000000000000000e+00 3.846725940704345703e+00 -7.411984205245971680e-01 1.000000000000000000e+00 3.000000000000000000e+00 1.900000000000000000e+01 1.900000000000000000e+01 0.000000000000000000e+00 1.000000000000000000e+00 1.600000000000000000e+01 3.000000000000000000e+00
3.675484211272800650e+01 5.822190119002269348e+00 -1.533561495144836195e-01 1.000000000000000000e+00 5.700000000000000000e+01 5.500000000000000000e+00 -8.500000000000000000e+00 -7.500000000000000000e-01 -1.156172230839729309e-01 -1.742556318640708923e-02 1.000000000000000000e+00 3.000000000000000000e+00 1.900000000000000000e+01 1.900000000000000000e+01 0.000000000000000000e+00 1.000000000000000000e+00 1.600000000000000000e+01 3.000000000000000000e+00
3.224092220883739657e+01 -2.012502819124531683e+01 -7.307500994754795309e-02 1.000000000000000000e+00 5.800000000000000000e+01 -3.500000000000000000e+00 -8.750000000000000000e+00 -7.500000000000000000e-01 9.998125582933425903e-02 -5.238380283117294312e-02 1.000000000000000000e+00 3.000000000000000000e+00 2.000000000000000000e+01 2.000000000000000000e+01 4.000000000000000000e+00 3.000000000000000000e+00 1.700000000000000000e+01 3.000000000000000000e+00
3.698561370990502439e+01 -8.181564791171046735e+00 -1.134298869962023226e-01 0.000000000000000000e+00 5.900000000000000000e+01 8.000000000000000000e+00 -4.500000000000000000e+00 0.000000000000000000e+00 3.861147880554199219e+00 -7.045222520828247070e-01 1.000000000000000000e+00 3.000000000000000000e+00 1.900000000000000000e+01 1.900000000000000000e+01 9.000000000000000000e+00 3.000000000000000000e+00 1.600000000000000000e+01 3.000000000000000000e+00
3.385289208163333541e+01 -1.914444840690301319e+01 -7.794737707588114684e-02 1.000000000000000000e+00 6.000000000000000000e+01 -2.500000000000000000e+00 -8.750000000000000000e+00 -7.500000000000000000e-01 7.573799043893814087e-02 -3.613011538982391357e-02 1.000000000000000000e+00 3.000000000000000000e+00 1.900000000000000000e+01 1.900000000000000000e+01 4.000000000000000000e+00 3.000000000000000000e+00 1.600000000000000000e+01 3.000000000000000000e+00
3.521169488633487532e+01 -2.256111061570016929e+01 -6.986738744524158273e-02 3.000000000000000000e+00 6.100000000000000000e+01 -1.000000000000000000e+00 -9.000000000000000000e+00 -7.500000000000000000e-01 -8.299402892589569092e-02 4.517655447125434875e-02 1.000000000000000000e+00 3.000000000000000000e+00 2.000000000000000000e+01 2.000000000000000000e+01 1.100000000000000000e+01 3.000000000000000000e+00 1.700000000000000000e+01 3.000000000000000000e+00
4.127957309414468057e+01 -4.329425131632828050e-01 -1.411617411719015003e-01 1.000000000000000000e+00 6.200000000000000000e+01 6.500000000000000000e+00 -8.750000000000000000e+00 -7.500000000000000000e-01 -2.590924203395843506e-01 -5.583888269029557705e-04 1.000000000000000000e+00 3.000000000000000000e+00 1.900000000000000000e+01 2.000000000000000000e+01 0.000000000000000000e+00 1.000000000000000000e+00 1.600000000000000000e+01 3.000000000000000000e+00
3.561166687261799524e+01 -2.256594638017425325e+01 -7.036364961254470973e-02 3.000000000000000000e+00 6.300000000000000000e+01 5.000000000000000000e-01 -9.000000000000000000e+00 -7.500000000000000000e-01 -8.638742566108703613e-02 4.656492918729782104e-02 1.000000000000000000e+00 3.000000000000000000e+00 2.000000000000000000e+01 2.000000000000000000e+01 0.000000000000000000e+00 1.000000000000000000e+00 1.600000000000000000e+01 3.000000000000000000e+00
4.346490468465421486e+01 -1.659446460094610165e+00 -1.404263809906138305e-01 1.000000000000000000e+00 6.400000000000000000e+01 9.000000000000000000e+00 -8.750000000000000000e+00 -7.500000000000000000e-01 -2.407578974962234497e-01 5.449253134429454803e-03 1.000000000000000000e+00 3.000000000000000000e+00 1.900000000000000000e+01 1.900000000000000000e+01 0.000000000000000000e+00 1.000000000000000000e+00 1.600000000000000000e+01 3.000000000000000000e+00
4.362379915501529837e+01 -5.061601825304305358e+00 -1.308576132908911838e-01 3.000000000000000000e+00 6.500000000000000000e+01 1.850000000000000000e+01 -8.750000000000000000e+00 -7.500000000000000000e-01 -1.881611794233322144e-01 1.735092885792255402e-02 1.000000000000000000e+00 3.000000000000000000e+00 2.100000000000000000e+01 2.200000000000000000e+01 1.600000000000000000e+01 1.000000000000000000e+00 1.600000000000000000e+01 3.000000000000000000e+00
4.427693439956959764e+01 -6.691951705713893306e-01 -1.443062285815842616e-01 1.000000000000000000e+00 6.600000000000000000e+01 1.500000000000000000e+00 -8.750000000000000000e+00 -7.500000000000000000e-01 -2.560222148895263672e-01 5.182636086829006672e-04 1.000000000000000000e+00 3.000000000000000000e+00 1.900000000000000000e+01 2.000000000000000000e+01 1.100000000000000000e+01 3.000000000000000000e+00 1.600000000000000000e+01 3.000000000000000000e+00
4.493006583204954296e+01 3.723211723978934629e+00 -1.577548396988886215e-01 0.000000000000000000e+00 6.700000000000000000e+01 -4.500000000000000000e+00 7.500000000000000000e-01 0.000000000000000000e+00 9.175939559936523438e+00 7.891308069229125977e-01 1.000000000000000000e+00 1.000000000000000000e+00 2.000000000000000000e+01 2.000000000000000000e+01 4.000000000000000000e+00 3.000000000000000000e+00 1.600000000000000000e+01 3.000000000000000000e+00
4.185230129197132953e+01 -1.924116332744656077e+01 -8.787258256028952774e-02 1.000000000000000000e+00 6.800000000000000000e+01 5.500000000000000000e+00 -9.000000000000000000e+00 -7.500000000000000000e-01 -1.870685219764709473e-01 7.411400973796844482e-02 1.000000000000000000e+00 3.000000000000000000e+00 1.900000000000000000e+01 2.000000000000000000e+01 0.000000000000000000e+00 1.000000000000000000e+00 1.600000000000000000e+01 3.000000000000000000e+00
4.708639545384193070e+01 9.689284292891459094e-02 -1.500899080779306560e-01 3.000000000000000000e+00 6.900000000000000000e+01 1.150000000000000000e+01 -8.000000000000000000e+00 -7.500000000000000000e-01 4.825500249862670898e-01 6.470977328717708588e-03 1.000000000000000000e+00 3.000000000000000000e+00 2.000000000000000000e+01 2.200000000000000000e+01 0.000000000000000000e+00 1.000000000000000000e+00 1.600000000000000000e+01 3.000000000000000000e+00
4.728879859525522278e+01 2.944595079961385142e-01 -1.509155037655281473e-01 3.000000000000000000e+00 7.000000000000000000e+01 -1.500000000000000000e+00 -8.500000000000000000e+00 -7.500000000000000000e-01 -2.012374438345432281e-02 -3.456367994658648968e-04 1.000000000000000000e+00 3.000000000000000000e+00 2.000000000000000000e+01 2.100000000000000000e+01 9.000000000000000000e+00 3.000000000000000000e+00 1.600000000000000000e+01 3.000000000000000000e+00
4.849354122181694038e+01 6.799214014169532305e-01 -1.535592100099158197e-01 0.000000000000000000e+00 7.100000000000000000e+01 4.500000000000000000e+00 -7.750000000000000000e+00 0.000000000000000000e+00 7.424233555793762207e-01 1.800653710961341858e-02 1.000000000000000000e+00 3.000000000000000000e+00 1.900000000000000000e+01 1.900000000000000000e+01 0.000000000000000000e+00 1.000000000000000000e+00 1.600000000000000000e+01 3.000000000000000000e+00
4.815641890933649449e+01 5.884355707284946391e+00 -1.680770333105005565e-01 1.000000000000000000e+00 7.200000000000000000e+01 3.500000000000000000e+00 -8.500000000000000000e+00 -7.500000000000000000e-01 -9.584663063287734985e-02 -1.171058416366577148e-02 1.000000000000000000e+00 3.000000000000000000e+00 1.900000000000000000e+01 2.000000000000000000e+01 0.000000000000000000e+00 1.000000000000000000e+00 1.600000000000000000e+01 3.000000000000000000e+00
4.627984118517856160e+01 1.610774772073939332e+01 -1.950464306988913266e-01 3.000000000000000000e+00 7.300000000000000000e+01 -3.500000000000000000e+00 -8.500000000000000000e+00 -7.500000000000000000e-01 -2.233857214450836182e-01 -7.286214083433151245e-02 1.000000000000000000e+00 3.000000000000000000e+00 2.000000000000000000e+01 2.000000000000000000e+01 4.000000000000000000e+00 3.000000000000000000e+00 1.600000000000000000e+01 3.000000000000000000e+00
4.071943197781000379e+01 -3.022822471971372593e+01 -5.487137676463642311e-02 3.000000000000000000e+00 7.400000000000000000e+01 -1.000000000000000000e+00 -9.250000000000000000e+00 -7.500000000000000000e-01 -2.018021345138549805e-01 1.297299414873123169e-01 1.000000000000000000e+00 3.000000000000000000e+00 2.000000000000000000e+01 2.100000000000000000e+01 4.000000000000000000e+00 3.000000000000000000e+00 1.700000000000000000e+01 3.000000000000000000e+00
4.731119024743485113e+01 1.869545609982591827e+01 -2.037941172774881959e-01 3.000000000000000000e+00 7.500000000000000000e+01 -4.500000000000000000e+00 -8.500000000000000000e+00 -7.500000000000000000e-01 -2.455834448337554932e-01 -9.080000221729278564e-02 1.000000000000000000e+00 3.000000000000000000e+00 2.000000000000000000e+01 2.100000000000000000e+01 4.000000000000000000e+00 3.000000000000000000e+00 1.600000000000000000e+01 3.000000000000000000e+00
4.560609409331922848e+01 -2.308680876786196023e+01 -8.161522829275057178e-02 1.000000000000000000e+00 7.600000000000000000e+01 4.500000000000000000e+00 -9.000000000000000000e+00 -7.500000000000000000e-01 -1.534995138645172119e-01 6.772036850452423096e-02 1.000000000000000000e+00 3.000000000000000000e+00 1.900000000000000000e+01 2.000000000000000000e+01 0.000000000000000000e+00 1.000000000000000000e+00 1.600000000000000000e+01 3.000000000000000000e+00
1.910004568556318105e+01 5.103874142126477409e+01 -2.607058493359363238e-01 3.000000000000000000e+00 7.700000000000000000e+01 0.000000000000000000e+00 -8.250000000000000000e+00 -5.000000000000000000e-01 -1.416793763637542725e-01 -3.079725503921508789e-01 1.000000000000000000e+00 3.000000000000000000e+00 2.000000000000000000e+01 2.000000000000000000e+01 4.000000000000000000e+00 3.000000000000000000e+00 1.900000000000000000e+01 3.000000000000000000e+00
5.233918946758386426e+01 4.433688354846140101e+00 -1.692455143924412597e-01 1.000000000000000000e+00 7.800000000000000000e+01 3.500000000000000000e+00 -8.500000000000000000e+00 -1.000000000000000000e+00 -9.425810724496841431e-02 -8.374848403036594391e-03 1.000000000000000000e+00 3.000000000000000000e+00 1.900000000000000000e+01 2.000000000000000000e+01 0.000000000000000000e+00 1.000000000000000000e+00 1.600000000000000000e+01 3.000000000000000000e+00
5.322131266841404340e+01 1.122349159956037212e+01 -1.898718308726976556e-01 1.000000000000000000e+00 7.900000000000000000e+01 2.300000000000000000e+01 -8.500000000000000000e+00 -1.000000000000000000e+00 -2.004698812961578369e-01 -4.098954424262046814e-02 1.000000000000000000e+00 3.000000000000000000e+00 1.900000000000000000e+01 1.900000000000000000e+01 0.000000000000000000e+00 1.000000000000000000e+00 1.600000000000000000e+01 3.000000000000000000e+00
5.422123881970629355e+01 1.121140223449242868e+01 -1.911124815582487257e-01 1.000000000000000000e+00 8.000000000000000000e+01 1.300000000000000000e+01 -8.500000000000000000e+00 -1.000000000000000000e+00 -1.974709033966064453e-01 -3.969432041049003601e-02 1.000000000000000000e+00 3.000000000000000000e+00 1.900000000000000000e+01 2.000000000000000000e+01 1.100000000000000000e+01 3.000000000000000000e+00 1.600000000000000000e+01 3.000000000000000000e+00
5.522358212863502303e+01 1.139929819152931145e+01 -1.929305990850180286e-01 1.000000000000000000e+00 8.100000000000000000e+01 -1.500000000000000000e+00 -8.500000000000000000e+00 -1.000000000000000000e+00 -1.974555552005767822e-01 -3.968790918588638306e-02 1.000000000000000000e+00 3.000000000000000000e+00 1.900000000000000000e+01 2.000000000000000000e+01 1.100000000000000000e+01 3.000000000000000000e+00 1.600000000000000000e+01 3.000000000000000000e+00
5.582111913600766684e+01 1.119205926883062574e+01 -1.930975207620476697e-01 3.000000000000000000e+00 8.200000000000000000e+01 2.500000000000000000e+00 -8.000000000000000000e+00 -1.000000000000000000e+00 2.886996865272521973e-01 5.650536715984344482e-02 1.000000000000000000e+00 3.000000000000000000e+00 2.100000000000000000e+01 2.100000000000000000e+01 1.600000000000000000e+01 1.000000000000000000e+00 1.600000000000000000e+01 3.000000000000000000e+00
5.655579629154205890e+01 5.782805068384584857e+00 -1.784984962295052546e-01 3.000000000000000000e+00 8.300000000000000000e+01 2.500000000000000000e+00 -8.500000000000000000e+00 -1.000000000000000000e+00 -1.101892739534378052e-01 -1.162711530923843384e-02 1.000000000000000000e+00 3.000000000000000000e+00 1.900000000000000000e+01 1.900000000000000000e+01 0.000000000000000000e+00 1.000000000000000000e+00 1.600000000000000000e+01 3.000000000000000000e+00
5.643558001514784905e+01 1.238471374034569905e+01 -1.973067040460481092e-01 3.000000000000000000e+00 8.400000000000000000e+01 -2.000000000000000000e+00 -8.500000000000000000e+00 -1.000000000000000000e+00 -2.081280797719955444e-01 -4.440517723560333252e-02 1.000000000000000000e+00 3.000000000000000000e+00 1.900000000000000000e+01 2.000000000000000000e+01 9.000000000000000000e+00 3.000000000000000000e+00 1.600000000000000000e+01 3.000000000000000000e+00
5.759439681518196608e+01 8.970468460184898518e+00 -1.889785805781910022e-01 1.000000000000000000e+00 8.500000000000000000e+01 5.000000000000000000e-01 -8.500000000000000000e+00 -1.000000000000000000e+00 -1.563391238451004028e-01 -2.422507107257843018e-02 1.000000000000000000e+00 3.000000000000000000e+00 1.900000000000000000e+01 2.000000000000000000e+01 9.000000000000000000e+00 3.000000000000000000e+00 1.600000000000000000e+01 3.000000000000000000e+00
5.939910124278757309e+01 9.348677256777749633e+00 -1.923666865272188609e-01 3.000000000000000000e+00 8.600000000000000000e+01 -3.500000000000000000e+00 -8.500000000000000000e+00 -1.000000000000000000e+00 -1.580569446086883545e-01 -2.478843741118907928e-02 1.000000000000000000e+00 3.000000000000000000e+00 2.000000000000000000e+01 2.100000000000000000e+01 1.100000000000000000e+01 3.000000000000000000e+00 1.600000000000000000e+01 3.000000000000000000e+00
4.253799814920939326e+01 -4.525124539167021709e+01 -1.404283025832663012e-02 1.000000000000000000e+00 8.700000000000000000e+01 1.750000000000000000e+01 -9.250000000000000000e+00 -7.500000000000000000e-01 -4.094310477375984192e-02 3.797005861997604370e-02 1.000000000000000000e+00 3.000000000000000000e+00 1.900000000000000000e+01 1.900000000000000000e+01 0.000000000000000000e+00 1.000000000000000000e+00 1.700000000000000000e+01 3.000000000000000000e+00
6.077241074433137413e+01 7.131921689688494048e+00 -1.877514875319828414e-01 1.000000000000000000e+00 8.800000000000000000e+01 9.000000000000000000e+00 -8.500000000000000000e+00 -1.000000000000000000e+00 -1.239489614963531494e-01 -1.488141063600778580e-02 1.000000000000000000e+00 3.000000000000000000e+00 1.900000000000000000e+01 2.000000000000000000e+01 0.000000000000000000e+00 1.000000000000000000e+00 1.600000000000000000e+01 3.000000000000000000e+00
6.178683978957619871e+01 8.319739966046403978e+00 -1.924569268737966188e-01 1.000000000000000000e+00 8.900000000000000000e+01 6.000000000000000000e+00 -8.500000000000000000e+00 -1.000000000000000000e+00 -1.390740573406219482e-01 -1.894571818411350250e-02 1.000000000000000000e+00 3.000000000000000000e+00 1.900000000000000000e+01 2.000000000000000000e+01 1.100000000000000000e+01 3.000000000000000000e+00 1.600000000000000000e+01 3.000000000000000000e+00
6.277468019878943295e+01 7.307727804857088394e+00 -1.908102543675201934e-01 1.000000000000000000e+00 9.000000000000000000e+01 1.000000000000000000e+01 -8.500000000000000000e+00 -1.000000000000000000e+00 -1.233918368816375732e-01 -1.474150177091360092e-02 1.000000000000000000e+00 3.000000000000000000e+00 1.900000000000000000e+01 2.000000000000000000e+01 0.000000000000000000e+00 1.000000000000000000e+00 1.600000000000000000e+01 3.000000000000000000e+00
6.205933642077624057e+01 1.431685890665487193e+01 -2.100289923757061583e-01 3.000000000000000000e+00 9.100000000000000000e+01 2.000000000000000000e+00 -8.500000000000000000e+00 -1.000000000000000000e+00 -2.183459103107452393e-01 -4.920930415391921997e-02 1.000000000000000000e+00 3.000000000000000000e+00 1.900000000000000000e+01 2.000000000000000000e+01 9.000000000000000000e+00 3.000000000000000000e+00 1.600000000000000000e+01 3.000000000000000000e+00
6.192703440230301482e+01 1.991884478249461310e+01 -2.259498770004215451e-01 3.000000000000000000e+00 9.200000000000000000e+01 -2.500000000000000000e+00 -8.500000000000000000e+00 -1.000000000000000000e+00 -2.852592468261718750e-01 -8.839620649814605713e-02 1.000000000000000000e+00 3.000000000000000000e+00 2.000000000000000000e+01 2.100000000000000000e+01 4.000000000000000000e+00 3.000000000000000000e+00 1.600000000000000000e+01 3.000000000000000000e+00
6.501013076194108464e+01 -6.320237006209302955e+00 -1.545202119302320487e-01 0.000000000000000000e+00 9.300000000000000000e+01 0.000000000000000000e+00 -1.000000000000000000e+00 0.000000000000000000e+00 7.445587635040283203e+00 -5.833437442779541016e-01 1.000000000000000000e+00 3.000000000000000000e+00 1.900000000000000000e+01 2.000000000000000000e+01 0.000000000000000000e+00 1.000000000000000000e+00 1.600000000000000000e+01 3.000000000000000000e+00
6.479870398553192956e+01 9.283394666963948438e+00 -1.990662021222772138e-01 3.000000000000000000e+00 9.400000000000000000e+01 -4.500000000000000000e+00 -8.500000000000000000e+00 -1.000000000000000000e+00 -1.469206362962722778e-01 -2.125928923487663269e-02 1.000000000000000000e+00 3.000000000000000000e+00 2.000000000000000000e+01 2.100000000000000000e+01 9.000000000000000000e+00 3.000000000000000000e+00 1.600000000000000000e+01 3.000000000000000000e+00
6.488330418008499123e+01 1.628285423981356317e+01 -2.192774644650694327e-01 1.000000000000000000e+00 9.500000000000000000e+01 1.350000000000000000e+01 -8.500000000000000000e+00 -1.000000000000000000e+00 -2.346650362014770508e-01 -5.748957023024559021e-02 1.000000000000000000e+00 3.000000000000000000e+00 1.900000000000000000e+01 2.000000000000000000e+01 0.000000000000000000e+00 1.000000000000000000e+00 1.600000000000000000e+01 3.000000000000000000e+00
6.587839603915598730e+01 1.587079613773734721e+01 -2.193631869753158992e-01 3.000000000000000000e+00 9.600000000000000000e+01 1.000000000000000000e+00 -8.500000000000000000e+00 -1.250000000000000000e+00 -2.830019295215606689e-01 -6.675328314304351807e-02 1.000000000000000000e+00 3.000000000000000000e+00 2.000000000000000000e+01 2.100000000000000000e+01 1.100000000000000000e+01 3.000000000000000000e+00 1.600000000000000000e+01 3.000000000000000000e+00
6.554126989785265778e+01 2.107522929772174791e+01 -2.338810021012363849e-01 3.000000000000000000e+00 9.700000000000000000e+01 2.000000000000000000e+01 -8.250000000000000000e+00 -1.250000000000000000e+00 -1.291081607341766357e-01 -4.016290605068206787e-02 1.000000000000000000e+00 3.000000000000000000e+00 2.000000000000000000e+01 2.100000000000000000e+01 1.100000000000000000e+01 3.000000000000000000e+00 1.600000000000000000e+01 3.000000000000000000e+00
6.574850352643642282e+01 2.167276552071507112e+01 -2.358615234687040374e-01 3.000000000000000000e+00 9.800000000000000000e+01 2.200000000000000000e+01 -8.250000000000000000e+00 -1.250000000000000000e+00 -1.370847672224044800e-01 -4.368848726153373718e-02 1.000000000000000000e+00 3.000000000000000000e+00 2.000000000000000000e+01 2.100000000000000000e+01 0.000000000000000000e+00 1.000000000000000000e+00 1.600000000000000000e+01 3.000000000000000000e+00
6.877181995466936826e+01 7.035206769144948247e+00 -1.976766930163912084e-01 1.000000000000000000e+00 9.900000000000000000e+01 6.000000000000000000e+00 -8.500000000000000000e+00 -1.250000000000000000e+00 -1.380983442068099976e-01 -1.478288508951663971e-02 1.000000000000000000e+00 3.000000000000000000e+00 1.900000000000000000e+01 1.900000000000000000e+01 0.000000000000000000e+00 1.000000000000000000e+00 1.600000000000000000e+01 3.000000000000000000e+00
6.679727399932471599e+01 -2.394305732952163979e+01 -1.061846240237444700e-01 1.000000000000000000e+00 1.000000000000000000e+02 1.150000000000000000e+01 -9.000000000000000000e+00 -1.250000000000000000e+00 -1.020298749208450317e-01 3.264391049742698669e-02 1.000000000000000000e+00 3.000000000000000000e+00 1.900000000000000000e+01 2.000000000000000000e+01 0.000000000000000000e+00 1.000000000000000000e+00 1.600000000000000000e+01 3.000000000000000000e+00
7.073058073303265303e+01 3.611290436836322559e+00 -1.903410952599233208e-01 3.000000000000000000e+00 1.010000000000000000e+02 0.000000000000000000e+00 -8.500000000000000000e+00 -1.250000000000000000e+00 -8.052787929773330688e-02 -4.780679009854793549e-03 1.000000000000000000e+00 3.000000000000000000e+00 2.000000000000000000e+01 2.100000000000000000e+01 4.000000000000000000e+00 3.000000000000000000e+00 1.600000000000000000e+01 3.000000000000000000e+00
7.116680231672168588e+01 6.606223152960894573e+00 -1.994993175372952732e-01 3.000000000000000000e+00 1.020000000000000000e+02 -3.500000000000000000e+00 -8.500000000000000000e+00 -1.250000000000000000e+00 -1.277980953454971313e-01 -1.257855445146560669e-02 1.000000000000000000e+00 3.000000000000000000e+00 2.100000000000000000e+01 2.200000000000000000e+01 4.000000000000000000e+00 3.000000000000000000e+00 1.600000000000000000e+01 3.000000000000000000e+00
7.079826089328543048e+01 9.210858476556289531e+00 -2.065101062355834960e-01 3.000000000000000000e+00 1.030000000000000000e+02 -2.500000000000000000e+00 -8.500000000000000000e+00 -1.250000000000000000e+00 -1.690291464328765869e-01 -2.252235263586044312e-02 1.000000000000000000e+00 3.000000000000000000e+00 2.000000000000000000e+01 2.200000000000000000e+01 4.000000000000000000e+00 3.000000000000000000e+00 1.600000000000000000e+01 3.000000000000000000e+00
6.898261323280256363e+01 -2.516956019903665975e+01 -1.054492766852911240e-01 3.000000000000000000e+00 1.040000000000000000e+02 -4.000000000000000000e+00 -9.000000000000000000e+00 -1.250000000000000000e+00 -9.419188648462295532e-02 3.076428361237049103e-02 1.000000000000000000e+00 3.000000000000000000e+00 2.100000000000000000e+01 2.200000000000000000e+01 4.000000000000000000e+00 3.000000000000000000e+00 1.600000000000000000e+01 3.000000000000000000e+00
7.311589450199805640e+01 2.382368631435204609e+00 -1.898538613650437579e-01 3.000000000000000000e+00 1.050000000000000000e+02 2.000000000000000000e+00 -8.500000000000000000e+00 -1.250000000000000000e+00 -5.950862914323806763e-02 -2.511233789846301079e-03 1.000000000000000000e+00 3.000000000000000000e+00 1.900000000000000000e+01 2.000000000000000000e+01 0.000000000000000000e+00 1.000000000000000000e+00 1.600000000000000000e+01 3.000000000000000000e+00
6.709330859911804623e+01 -3.254722952207981024e+01 -8.184990563990506007e-02 1.000000000000000000e+00 1.060000000000000000e+02 -2.000000000000000000e+00 -9.000000000000000000e+00 -1.250000000000000000e+00 2.654860913753509521e-02 -1.159216184169054031e-02 1.000000000000000000e+00 3.000000000000000000e+00 2.100000000000000000e+01 2.200000000000000000e+01 4.000000000000000000e+00 3.000000000000000000e+00 1.600000000000000000e+01 3.000000000000000000e+00
7.474478822639129305e+01 4.762840141190060272e+00 -1.987684852816072878e-01 0.000000000000000000e+00 1.070000000000000000e+02 2.000000000000000000e+00 7.500000000000000000e-01 0.000000000000000000e+00 9.196660041809082031e+00 6.569042205810546875e-01 1.000000000000000000e+00 1.000000000000000000e+00 2.000000000000000000e+01 2.200000000000000000e+01 0.000000000000000000e+00 1.000000000000000000e+00 1.600000000000000000e+01 3.000000000000000000e+00
7.506982098525863023e+01 -1.441516676281866749e+00 -1.813633347448798117e-01 1.000000000000000000e+00 1.080000000000000000e+02 1.600000000000000000e+01 -8.750000000000000000e+00 -1.250000000000000000e+00 -2.498040795326232910e-01 1.557382172904908657e-03 1.000000000000000000e+00 3.000000000000000000e+00 1.900000000000000000e+01 2.100000000000000000e+01 0.000000000000000000e+00 1.000000000000000000e+00 1.600000000000000000e+01 3.000000000000000000e+00
7.609150147171679635e+01 3.462549439886279390e-01 -1.878011670380420051e-01 3.000000000000000000e+00 1.090000000000000000e+02 -1.500000000000000000e+00 -9.000000000000000000e+00 -1.250000000000000000e+00 -5.271435379981994629e-01 -8.439489640295505524e-03 1.000000000000000000e+00 3.000000000000000000e+00 2.000000000000000000e+01 2.200000000000000000e+01 4.000000000000000000e+00 3.000000000000000000e+00 1.600000000000000000e+01 3.000000000000000000e+00
7.541242255165319364e+01 1.035515458031616909e+01 -2.156818847755153645e-01 3.000000000000000000e+00 1.100000000000000000e+02 3.000000000000000000e+00 -8.500000000000000000e+00 -1.250000000000000000e+00 -1.775384992361068726e-01 -2.495254948735237122e-02 1.000000000000000000e+00 3.000000000000000000e+00 1.900000000000000000e+01 2.100000000000000000e+01 0.000000000000000000e+00 1.000000000000000000e+00 1.600000000000000000e+01 3.000000000000000000e+00
7.716635922447518681e+01 6.533686962553235666e+00 -2.069432216506015831e-01 3.000000000000000000e+00 1.110000000000000000e+02 -2.500000000000000000e+00 -8.500000000000000000e+00 -1.250000000000000000e+00 -1.191741153597831726e-01 -1.087355148047208786e-02 1.000000000000000000e+00 3.000000000000000000e+00 2.000000000000000000e+01 2.200000000000000000e+01 4.000000000000000000e+00 3.000000000000000000e+00 1.600000000000000000e+01 3.000000000000000000e+00
7.130267161933838338e+01 -3.179806552948797105e+01 -8.937050605620873445e-02 1.000000000000000000e+00 1.120000000000000000e+02 -5.000000000000000000e-01 -9.000000000000000000e+00 -1.250000000000000000e+00 -9.239125996828079224e-03 3.717304673045873642e-03 1.000000000000000000e+00 3.000000000000000000e+00 2.100000000000000000e+01 2.200000000000000000e+01 4.000000000000000000e+00 3.000000000000000000e+00 1.600000000000000000e+01 3.000000000000000000e+00
7.570909065548539729e+01 1.835211815956669312e+01 -2.390285939075138533e-01 1.000000000000000000e+00 1.130000000000000000e+02 -2.000000000000000000e+00 -8.500000000000000000e+00 -1.250000000000000000e+00 -2.867254316806793213e-01 -6.865757703781127930e-02 1.000000000000000000e+00 3.000000000000000000e+00 2.000000000000000000e+01 2.200000000000000000e+01 4.000000000000000000e+00 3.000000000000000000e+00 1.600000000000000000e+01 3.000000000000000000e+00
7.825750350461348148e+01 -2.480125495961380100e+00 -1.824460994260638236e-01 3.000000000000000000e+00 1.140000000000000000e+02 5.500000000000000000e+00 -8.750000000000000000e+00 -1.250000000000000000e+00 -2.352276593446731567e-01 4.230713006108999252e-03 1.000000000000000000e+00 3.000000000000000000e+00 1.900000000000000000e+01 2.000000000000000000e+01 9.000000000000000000e+00 3.000000000000000000e+00 1.600000000000000000e+01 3.000000000000000000e+00
7.811858355184725156e+01 1.912304304617464723e+01 -2.443160193036602035e-01 3.000000000000000000e+00 1.150000000000000000e+02 1.300000000000000000e+01 -8.250000000000000000e+00 -1.250000000000000000e+00 -5.338657274842262268e-02 -1.292855478823184967e-02 1.000000000000000000e+00 3.000000000000000000e+00 1.900000000000000000e+01 2.000000000000000000e+01 0.000000000000000000e+00 1.000000000000000000e+00 1.600000000000000000e+01 3.000000000000000000e+00
7.566366622113761764e+01 -3.505101046526686304e+01 -8.558993059073378984e-02 3.000000000000000000e+00 1.160000000000000000e+02 5.000000000000000000e-01 -9.000000000000000000e+00 -1.250000000000000000e+00 9.354755282402038574e-03 -3.928536083549261093e-03 1.000000000000000000e+00 3.000000000000000000e+00 2.100000000000000000e+01 2.200000000000000000e+01 0.000000000000000000e+00 1.000000000000000000e+00 1.600000000000000000e+01 3.000000000000000000e+00
8.309098453076254032e+01 2.616293885130255847e-01 -1.964857218368993297e-01 3.000000000000000000e+00 1.170000000000000000e+02 1.250000000000000000e+01 -8.750000000000000000e+00 -1.500000000000000000e+00 -2.793336510658264160e-01 -4.117162898182868958e-03 1.000000000000000000e+00 3.000000000000000000e+00 2.000000000000000000e+01 2.100000000000000000e+01 0.000000000000000000e+00 1.000000000000000000e+00 1.600000000000000000e+01 3.000000000000000000e+00
8.507875109198840846e+01 -7.624720781441913786e-01 -1.960797001882718105e-01 3.000000000000000000e+00 1.180000000000000000e+02 6.000000000000000000e+00 -8.750000000000000000e+00 -1.500000000000000000e+00 -2.624464035034179688e-01 -8.728816756047308445e-04 1.000000000000000000e+00 3.000000000000000000e+00 2.000000000000000000e+01 2.100000000000000000e+01 9.000000000000000000e+00 3.000000000000000000e+00 1.600000000000000000e+01 3.000000000000000000e+00
8.075998289117919171e+01 -2.711207682883696535e+01 -1.148917640459767436e-01 3.000000000000000000e+00 1.190000000000000000e+02 2.000000000000000000e+00 -9.000000000000000000e+00 -1.500000000000000000e+00 -5.309752747416496277e-02 1.607709378004074097e-02 1.000000000000000000e+00 3.000000000000000000e+00 2.000000000000000000e+01 2.200000000000000000e+01 0.000000000000000000e+00 1.000000000000000000e+00 1.600000000000000000e+01 3.000000000000000000e+00
8.201015762270105824e+01 2.667651705398536421e+01 -2.709741530542346677e-01 3.000000000000000000e+00 1.200000000000000000e+02 8.500000000000000000e+00 -8.250000000000000000e+00 -1.500000000000000000e+00 -2.099357992410659790e-01 -6.699564307928085327e-02 1.000000000000000000e+00 3.000000000000000000e+00 2.000000000000000000e+01 2.100000000000000000e+01 0.000000000000000000e+00 1.000000000000000000e+00 1.600000000000000000e+01 3.000000000000000000e+00
8.710277487801054974e+01 1.213194724362626209e+00 -2.043356477709309393e-01 3.000000000000000000e+00 1.210000000000000000e+02 9.500000000000000000e+00 -8.750000000000000000e+00 -1.500000000000000000e+00 -2.943650186061859131e-01 -7.343161851167678833e-03 1.000000000000000000e+00 3.000000000000000000e+00 1.900000000000000000e+01 2.100000000000000000e+01 9.000000000000000000e+00 3.000000000000000000e+00 1.600000000000000000e+01 3.000000000000000000e+00
8.784229014018175974e+01 -3.796090785192410610e+00 -1.908915561463999100e-01 3.000000000000000000e+00 1.220000000000000000e+02 1.550000000000000000e+01 -8.750000000000000000e+00 -1.500000000000000000e+00 -2.142256945371627808e-01 6.219455506652593613e-03 1.000000000000000000e+00 3.000000000000000000e+00 1.900000000000000000e+01 2.000000000000000000e+01 0.000000000000000000e+00 1.000000000000000000e+00 1.600000000000000000e+01 3.000000000000000000e+00
9.007838184844965213e+01 -8.229189034839072825e-01 -2.022829536160270503e-01 3.000000000000000000e+00 1.230000000000000000e+02 2.300000000000000000e+01 -8.750000000000000000e+00 -1.500000000000000000e+00 -2.621878683567047119e-01 -8.262223564088344574e-04 1.000000000000000000e+00 3.000000000000000000e+00 1.900000000000000000e+01 2.100000000000000000e+01 1.500000000000000000e+01 1.000000000000000000e+00 1.600000000000000000e+01 3.000000000000000000e+00
8.775654743930842017e+01 2.220673696323687096e+01 -2.654656949014362333e-01 3.000000000000000000e+00 1.240000000000000000e+02 1.600000000000000000e+01 -8.250000000000000000e+00 -1.500000000000000000e+00 -1.232869252562522888e-01 -3.102144040167331696e-02 1.000000000000000000e+00 3.000000000000000000e+00 1.900000000000000000e+01 2.100000000000000000e+01 0.000000000000000000e+00 1.000000000000000000e+00 1.600000000000000000e+01 3.000000000000000000e+00
