1.037198321509382737e-01 3.271041144249582366e+00 -2.589431636755386637e-02 1.000000000000000000e+00 0.000000000000000000e+00 -4.500000000000000000e+00 -8.500000000000000000e+00 0.000000000000000000e+00 -8.198982477188110352e-02 -8.455200493335723877e-02 1.000000000000000000e+00 3.000000000000000000e+00 1.900000000000000000e+01 1.900000000000000000e+01 0.000000000000000000e+00 1.000000000000000000e+00 1.700000000000000000e+01 3.000000000000000000e+00
7.000972973130812349e-01 2.865684188027463275e+00 -2.148657235155757017e-02 1.000000000000000000e+00 1.000000000000000000e+00 3.500000000000000000e+00 -8.500000000000000000e+00 0.000000000000000000e+00 -1.122114285826683044e-01 -8.563503623008728027e-02 1.000000000000000000e+00 3.000000000000000000e+00 1.900000000000000000e+01 1.900000000000000000e+01 0.000000000000000000e+00 1.000000000000000000e+00 1.700000000000000000e+01 3.000000000000000000e+00
7.018925764642420795e-01 3.065674802686747302e+00 -2.216090688440393308e-02 1.000000000000000000e+00 2.000000000000000000e+00 1.500000000000000000e+00 -8.500000000000000000e+00 0.000000000000000000e+00 -1.056248396635055542e-01 -8.616762608289718628e-02 1.000000000000000000e+00 3.000000000000000000e+00 2.000000000000000000e+01 1.900000000000000000e+01 0.000000000000000000e+00 1.000000000000000000e+00 1.700000000000000000e+01 3.000000000000000000e+00
2.126951982808237496e+00 5.853003461605628566e+00 -2.446375991049477838e-02 1.000000000000000000e+00 3.000000000000000000e+00 -4.000000000000000000e+00 -8.500000000000000000e+00 -2.500000000000000000e-01 -1.965618729591369629e-01 -2.230221331119537354e-01 1.000000000000000000e+00 3.000000000000000000e+00 1.900000000000000000e+01 1.900000000000000000e+01 0.000000000000000000e+00 1.000000000000000000e+00 1.800000000000000000e+01 3.000000000000000000e+00
3.804777438587314542e+00 -7.762497678996941097e+00 3.056825660248142784e-02 1.000000000000000000e+00 4.000000000000000000e+00 -4.500000000000000000e+00 -8.500000000000000000e+00 -2.500000000000000000e-01 1.773384585976600647e-02 -1.950723119080066681e-02 1.000000000000000000e+00 3.000000000000000000e+00 1.900000000000000000e+01 1.900000000000000000e+01 0.000000000000000000e+00 1.000000000000000000e+00 1.800000000000000000e+01 3.000000000000000000e+00
5.726761090059516057e+00 5.820750522085924139e+00 -6.109310169626177428e-03 1.000000000000000000e+00 5.000000000000000000e+00 2.000000000000000000e+00 -8.000000000000000000e+00 -2.500000000000000000e-01 1.048105061054229736e-01 7.027067989110946655e-02 1.000000000000000000e+00 3.000000000000000000e+00 1.900000000000000000e+01 1.900000000000000000e+01 0.000000000000000000e+00 1.000000000000000000e+00 1.700000000000000000e+01 3.000000000000000000e+00
6.002865074643366050e+00 -7.982198896380565678e+00 4.245919875703529911e-02 1.000000000000000000e+00 6.000000000000000000e+00 2.500000000000000000e+00 -8.750000000000000000e+00 -2.500000000000000000e-01 -1.517192423343658447e-01 1.302806586027145386e-01 1.000000000000000000e+00 3.000000000000000000e+00 1.900000000000000000e+01 1.900000000000000000e+01 0.000000000000000000e+00 1.000000000000000000e+00 1.700000000000000000e+01 3.000000000000000000e+00
4.992146518617269102e+00 -9.173184865864740800e+00 4.140675305623414681e-02 3.000000000000000000e+00 7.000000000000000000e+00 -5.000000000000000000e+00 -8.500000000000000000e+00 -2.500000000000000000e-01 1.851914450526237488e-02 -2.055173553526401520e-02 1.000000000000000000e+00 3.000000000000000000e+00 2.000000000000000000e+01 2.000000000000000000e+01 0.000000000000000000e+00 1.000000000000000000e+00 1.800000000000000000e+01 3.000000000000000000e+00
7.202801125852576369e+00 -7.992949873372430680e+00 4.857734704990210317e-02 1.000000000000000000e+00 8.000000000000000000e+00 8.500000000000000000e+00 -8.750000000000000000e+00 -2.500000000000000000e-01 -1.808881610631942749e-01 1.374054402112960815e-01 1.000000000000000000e+00 3.000000000000000000e+00 1.900000000000000000e+01 1.900000000000000000e+01 0.000000000000000000e+00 1.000000000000000000e+00 1.700000000000000000e+01 3.000000000000000000e+00
8.800921213115842079e+00 -8.207275606532176582e+00 5.740921748915667200e-02 1.000000000000000000e+00 9.000000000000000000e+00 5.000000000000000000e+00 -8.750000000000000000e+00 -2.500000000000000000e-01 -2.086883336305618286e-01 1.408646404743194580e-01 1.000000000000000000e+00 3.000000000000000000e+00 1.900000000000000000e+01 1.900000000000000000e+01 0.000000000000000000e+00 1.000000000000000000e+00 1.700000000000000000e+01 3.000000000000000000e+00
8.588365067566225974e+00 -9.605419034703015058e+00 6.110987186279545624e-02 1.000000000000000000e+00 1.000000000000000000e+01 -3.000000000000000000e+00 -8.750000000000000000e+00 -2.500000000000000000e-01 -1.670450568199157715e-01 1.344854235649108887e-01 1.000000000000000000e+00 3.000000000000000000e+00 2.000000000000000000e+01 2.000000000000000000e+01 9.000000000000000000e+00 3.000000000000000000e+00 1.700000000000000000e+01 3.000000000000000000e+00
9.800868081394124687e+00 -8.216234755449415061e+00 6.250767521025704654e-02 1.000000000000000000e+00 1.100000000000000000e+01 7.500000000000000000e+00 -8.500000000000000000e+00 -2.500000000000000000e-01 -4.691566899418830872e-02 2.923207357525825500e-02 1.000000000000000000e+00 3.000000000000000000e+00 1.900000000000000000e+01 1.900000000000000000e+01 1.100000000000000000e+01 3.000000000000000000e+00 1.700000000000000000e+01 3.000000000000000000e+00
1.100080413260333501e+01 -8.226985732441280064e+00 6.862582350312385060e-02 1.000000000000000000e+00 1.200000000000000000e+01 9.000000000000000000e+00 -8.500000000000000000e+00 -2.500000000000000000e-01 -5.783046409487724304e-02 3.298780322074890137e-02 1.000000000000000000e+00 3.000000000000000000e+00 1.900000000000000000e+01 1.900000000000000000e+01 0.000000000000000000e+00 1.000000000000000000e+00 1.600000000000000000e+01 3.000000000000000000e+00
1.259892422414688795e+01 -8.441310988785790670e+00 7.745769233463806192e-02 1.000000000000000000e+00 1.300000000000000000e+01 8.000000000000000000e+00 -8.500000000000000000e+00 -2.500000000000000000e-01 -6.780348718166351318e-02 3.561829030513763428e-02 1.000000000000000000e+00 3.000000000000000000e+00 1.900000000000000000e+01 1.900000000000000000e+01 0.000000000000000000e+00 1.000000000000000000e+00 1.600000000000000000e+01 3.000000000000000000e+00
1.019115704268052980e+01 1.298099955023050001e+01 -7.952165440266029117e-03 3.000000000000000000e+00 1.400000000000000000e+01 4.500000000000000000e+00 -9.000000000000000000e+00 -2.500000000000000000e-01 -4.627444446086883545e-01 -4.592388570308685303e-01 1.000000000000000000e+00 3.000000000000000000e+00 1.900000000000000000e+01 1.900000000000000000e+01 1.600000000000000000e+01 1.000000000000000000e+00 1.700000000000000000e+01 3.000000000000000000e+00
1.418986223690158255e+01 -9.455599648853802108e+00 8.898689765075025460e-02 1.000000000000000000e+00 1.500000000000000000e+01 -1.000000000000000000e+00 -8.750000000000000000e+00 -2.500000000000000000e-01 -2.601824402809143066e-01 1.390630304813385010e-01 1.000000000000000000e+00 3.000000000000000000e+00 2.000000000000000000e+01 1.900000000000000000e+01 9.000000000000000000e+00 3.000000000000000000e+00 1.600000000000000000e+01 3.000000000000000000e+00
1.459702172792864516e+01 -8.659219892735443125e+00 8.832893744741698860e-02 1.000000000000000000e+00 1.600000000000000000e+01 2.000000000000000000e+00 -8.500000000000000000e+00 -2.500000000000000000e-01 -7.896120101213455200e-02 3.770619258284568787e-02 1.000000000000000000e+00 3.000000000000000000e+00 1.900000000000000000e+01 1.900000000000000000e+01 1.100000000000000000e+01 3.000000000000000000e+00 1.600000000000000000e+01 3.000000000000000000e+00
1.120905671959155114e+01 1.497194845516705008e+01 -9.597059478590647813e-03 2.000000000000000000e+00 1.700000000000000000e+01 -3.500000000000000000e+00 -1.000000000000000000e+01 0.000000000000000000e+00 -7.828969955444335938e-01 -8.325172662734985352e-01 1.000000000000000000e+00 1.000000000000000000e+00 1.900000000000000000e+01 1.900000000000000000e+01 1.600000000000000000e+01 1.000000000000000000e+00 1.800000000000000000e+01 3.000000000000000000e+00
1.518621854687754791e+01 -9.864540027089608643e+00 9.543402443754334108e-02 1.000000000000000000e+00 1.800000000000000000e+01 5.000000000000000000e-01 -8.750000000000000000e+00 -2.500000000000000000e-01 -2.630127370357513428e-01 1.386534571647644043e-01 1.000000000000000000e+00 3.000000000000000000e+00 1.900000000000000000e+01 1.900000000000000000e+01 1.100000000000000000e+01 3.000000000000000000e+00 1.600000000000000000e+01 3.000000000000000000e+00
1.694411863268429386e+01 7.720316109775459346e+00 4.425006357481930941e-02 1.000000000000000000e+00 1.900000000000000000e+01 -2.500000000000000000e+00 -8.500000000000000000e+00 -2.500000000000000000e-01 -2.489773780107498169e-01 -9.834606945514678955e-02 1.000000000000000000e+00 3.000000000000000000e+00 2.000000000000000000e+01 1.900000000000000000e+01 0.000000000000000000e+00 1.000000000000000000e+00 1.600000000000000000e+01 3.000000000000000000e+00
1.658793906016884634e+01 -9.677092217496815252e+00 1.018975287693302256e-01 1.000000000000000000e+00 2.000000000000000000e+01 -2.000000000000000000e+00 -8.500000000000000000e+00 -2.500000000000000000e-01 -7.841783016920089722e-02 3.762471675872802734e-02 1.000000000000000000e+00 3.000000000000000000e+00 2.000000000000000000e+01 1.900000000000000000e+01 1.100000000000000000e+01 3.000000000000000000e+00 1.600000000000000000e+01 3.000000000000000000e+00
1.862373841399088548e+01 -5.695194407623715982e+00 9.860774069268096742e-02 0.000000000000000000e+00 2.100000000000000000e+01 1.100000000000000000e+01 -6.750000000000000000e+00 0.000000000000000000e+00 1.448492288589477539e+00 -3.654452860355377197e-01 1.000000000000000000e+00 3.000000000000000000e+00 1.900000000000000000e+01 1.900000000000000000e+01 0.000000000000000000e+00 1.000000000000000000e+00 1.600000000000000000e+01 3.000000000000000000e+00
1.862194313483972508e+01 -5.895185022283000897e+00 9.928207522552731645e-02 0.000000000000000000e+00 2.200000000000000000e+01 8.500000000000000000e+00 -6.750000000000000000e+00 0.000000000000000000e+00 1.441833257675170898e+00 -3.769931197166442871e-01 1.000000000000000000e+00 3.000000000000000000e+00 1.900000000000000000e+01 1.900000000000000000e+01 0.000000000000000000e+00 1.000000000000000000e+00 1.600000000000000000e+01 3.000000000000000000e+00
1.381071328409205989e+01 1.514864528776798025e+01 2.984593146063030389e-03 2.000000000000000000e+00 2.300000000000000000e+01 1.500000000000000000e+01 -9.250000000000000000e+00 -2.500000000000000000e-01 -6.289660334587097168e-01 -5.728083848953247070e-01 1.000000000000000000e+00 3.000000000000000000e+00 1.900000000000000000e+01 1.900000000000000000e+01 0.000000000000000000e+00 1.000000000000000000e+00 1.700000000000000000e+01 3.000000000000000000e+00
1.819683083517992372e+01 -8.691472832255147551e+00 1.066833871882856000e-01 1.000000000000000000e+00 2.400000000000000000e+01 9.000000000000000000e+00 -8.500000000000000000e+00 -2.500000000000000000e-01 -9.893072396516799927e-02 3.929491341114044189e-02 1.000000000000000000e+00 3.000000000000000000e+00 1.900000000000000000e+01 1.900000000000000000e+01 0.000000000000000000e+00 1.000000000000000000e+00 1.600000000000000000e+01 3.000000000000000000e+00
1.941292536949435998e+01 -6.902306378596618330e+00 1.067325231168419208e-01 0.000000000000000000e+00 2.500000000000000000e+01 4.000000000000000000e+00 -6.750000000000000000e+00 0.000000000000000000e+00 1.414953231811523438e+00 -4.194772243499755859e-01 1.000000000000000000e+00 3.000000000000000000e+00 1.900000000000000000e+01 1.900000000000000000e+01 1.100000000000000000e+01 3.000000000000000000e+00 1.600000000000000000e+01 3.000000000000000000e+00
1.421787468236641416e+01 1.594502502679811862e+01 2.326642667266135001e-03 2.000000000000000000e+00 2.600000000000000000e+01 5.000000000000000000e+00 -9.500000000000000000e+00 -2.500000000000000000e-01 -7.494853138923645020e-01 -7.015530467033386230e-01 1.000000000000000000e+00 3.000000000000000000e+00 2.000000000000000000e+01 1.900000000000000000e+01 1.100000000000000000e+01 3.000000000000000000e+00 1.700000000000000000e+01 3.000000000000000000e+00
1.639441799358347751e+01 1.332543405797100888e+01 2.230960239240990101e-02 1.000000000000000000e+00 2.700000000000000000e+01 -1.000000000000000000e+00 -8.750000000000000000e+00 -2.500000000000000000e-01 -4.066968560218811035e-01 -2.830106914043426514e-01 1.000000000000000000e+00 3.000000000000000000e+00 1.900000000000000000e+01 1.900000000000000000e+01 0.000000000000000000e+00 1.000000000000000000e+00 1.700000000000000000e+01 3.000000000000000000e+00
2.061286046707992270e+01 -6.913057347044373024e+00 1.128506665474405535e-01 0.000000000000000000e+00 2.800000000000000000e+01 -4.500000000000000000e+00 -6.750000000000000000e+00 0.000000000000000000e+00 1.426712393760681152e+00 -4.016375839710235596e-01 1.000000000000000000e+00 2.000000000000000000e+00 1.900000000000000000e+01 1.900000000000000000e+01 1.100000000000000000e+01 3.000000000000000000e+00 1.600000000000000000e+01 3.000000000000000000e+00
1.977699811809073793e+01 -1.090570614245344672e+01 1.222586077792247872e-01 3.000000000000000000e+00 2.900000000000000000e+01 8.000000000000000000e+00 -8.000000000000000000e+00 -5.000000000000000000e-01 4.247228801250457764e-01 -1.975884735584259033e-01 1.000000000000000000e+00 3.000000000000000000e+00 2.000000000000000000e+01 2.000000000000000000e+01 1.000000000000000000e+01 3.000000000000000000e+00 1.600000000000000000e+01 3.000000000000000000e+00
2.191871904027776452e+01 4.875648899067865472e+00 7.918304528661228303e-02 3.000000000000000000e+00 3.000000000000000000e+01 -4.000000000000000000e+00 -8.250000000000000000e+00 -5.000000000000000000e-01 -4.516483098268508911e-02 -9.213625453412532806e-03 1.000000000000000000e+00 3.000000000000000000e+00 1.900000000000000000e+01 1.900000000000000000e+01 4.000000000000000000e+00 3.000000000000000000e+00 1.600000000000000000e+01 3.000000000000000000e+00
2.135645143855825623e+01 9.080831591017952675e+00 6.196292904960808146e-02 1.000000000000000000e+00 3.100000000000000000e+01 -4.000000000000000000e+00 -8.250000000000000000e+00 -5.000000000000000000e-01 -1.135804057121276855e-01 -4.329089447855949402e-02 1.000000000000000000e+00 3.000000000000000000e+00 2.000000000000000000e+01 1.900000000000000000e+01 4.000000000000000000e+00 3.000000000000000000e+00 1.600000000000000000e+01 3.000000000000000000e+00
2.234024077735496050e+01 7.271955002906207888e+00 7.313040399728708285e-02 1.000000000000000000e+00 3.200000000000000000e+01 -5.000000000000000000e-01 -8.250000000000000000e+00 -5.000000000000000000e-01 -8.262494206428527832e-02 -2.439712733030319214e-02 1.000000000000000000e+00 3.000000000000000000e+00 1.900000000000000000e+01 1.900000000000000000e+01 0.000000000000000000e+00 1.000000000000000000e+00 1.600000000000000000e+01 3.000000000000000000e+00
2.195103409496063662e+01 8.475483300641638351e+00 6.704501244119535908e-02 1.000000000000000000e+00 3.300000000000000000e+01 2.000000000000000000e+00 -8.500000000000000000e+00 -5.000000000000000000e-01 -3.251644372940063477e-01 -1.131572276353836060e-01 1.000000000000000000e+00 3.000000000000000000e+00 1.900000000000000000e+01 1.900000000000000000e+01 0.000000000000000000e+00 1.000000000000000000e+00 1.600000000000000000e+01 3.000000000000000000e+00
1.690713169443067088e+01 -1.868026213307633654e+01 1.342820025548119300e-01 3.000000000000000000e+00 3.400000000000000000e+01 4.500000000000000000e+00 -8.750000000000000000e+00 -2.500000000000000000e-01 -1.365534216165542603e-01 1.250613033771514893e-01 1.000000000000000000e+00 3.000000000000000000e+00 1.900000000000000000e+01 1.900000000000000000e+01 0.000000000000000000e+00 1.000000000000000000e+00 1.700000000000000000e+01 3.000000000000000000e+00
2.490240211777117807e+01 3.048854251529261816e+00 1.005474348726218270e-01 1.000000000000000000e+00 3.500000000000000000e+01 -4.500000000000000000e+00 -8.250000000000000000e+00 -5.000000000000000000e-01 -6.574065890163183212e-03 -7.748006028123199940e-04 1.000000000000000000e+00 3.000000000000000000e+00 2.000000000000000000e+01 1.900000000000000000e+01 9.000000000000000000e+00 3.000000000000000000e+00 1.600000000000000000e+01 3.000000000000000000e+00
2.317071918757739368e+01 1.066463098361873740e+01 6.574547930405898188e-02 3.000000000000000000e+00 3.600000000000000000e+01 2.000000000000000000e+00 -8.500000000000000000e+00 -5.000000000000000000e-01 -3.379403352737426758e-01 -1.405934840440750122e-01 1.000000000000000000e+00 3.000000000000000000e+00 1.900000000000000000e+01 1.900000000000000000e+01 0.000000000000000000e+00 1.000000000000000000e+00 1.600000000000000000e+01 3.000000000000000000e+00
2.589157730044179218e+01 1.839950222618225828e+00 1.096919038101512589e-01 0.000000000000000000e+00 3.700000000000000000e+01 2.200000000000000000e+01 -3.750000000000000000e+00 0.000000000000000000e+00 4.527102947235107422e+00 3.278246819972991943e-01 1.000000000000000000e+00 3.000000000000000000e+00 1.900000000000000000e+01 1.900000000000000000e+01 0.000000000000000000e+00 1.000000000000000000e+00 1.600000000000000000e+01 3.000000000000000000e+00
2.574365031063426912e+01 7.641475606139044530e+00 8.911648763068799606e-02 1.000000000000000000e+00 3.800000000000000000e+01 -3.000000000000000000e+00 -8.500000000000000000e+00 -5.000000000000000000e-01 -3.069059550762176514e-01 -8.418600261211395264e-02 1.000000000000000000e+00 3.000000000000000000e+00 1.900000000000000000e+01 1.900000000000000000e+01 9.000000000000000000e+00 3.000000000000000000e+00 1.600000000000000000e+01 3.000000000000000000e+00
2.577776064446830162e+01 1.144130062237210232e+01 7.630412025242470919e-02 3.000000000000000000e+00 3.900000000000000000e+01 -1.500000000000000000e+00 -8.500000000000000000e+00 -5.000000000000000000e-01 -3.363377749919891357e-01 -1.366372257471084595e-01 1.000000000000000000e+00 3.000000000000000000e+00 2.000000000000000000e+01 1.900000000000000000e+01 1.100000000000000000e+01 3.000000000000000000e+00 1.600000000000000000e+01 3.000000000000000000e+00
2.675257357894863830e+01 8.632470007333465034e+00 9.084327107981621241e-02 3.000000000000000000e+00 4.000000000000000000e+01 -3.000000000000000000e+00 -8.250000000000000000e+00 -5.000000000000000000e-01 -8.392715454101562500e-02 -2.506549097597599030e-02 1.000000000000000000e+00 3.000000000000000000e+00 1.900000000000000000e+01 1.900000000000000000e+01 9.000000000000000000e+00 3.000000000000000000e+00 1.600000000000000000e+01 3.000000000000000000e+00
2.718378568706578591e+01 -1.017204042875576064e+01 1.572898516235941013e-01 1.000000000000000000e+00 4.100000000000000000e+01 9.500000000000000000e+00 -8.750000000000000000e+00 -5.000000000000000000e-01 -2.701247930526733398e-01 8.796826750040054321e-02 1.000000000000000000e+00 3.000000000000000000e+00 1.900000000000000000e+01 1.900000000000000000e+01 0.000000000000000000e+00 1.000000000000000000e+00 1.600000000000000000e+01 3.000000000000000000e+00
2.832376445754308492e+01 5.418282670208269813e+00 1.097901675504679431e-01 1.000000000000000000e+00 4.200000000000000000e+01 2.200000000000000000e+01 -8.500000000000000000e+00 -5.000000000000000000e-01 -2.773712873458862305e-01 -5.035083740949630737e-02 1.000000000000000000e+00 3.000000000000000000e+00 1.900000000000000000e+01 1.900000000000000000e+01 0.000000000000000000e+00 1.000000000000000000e+00 1.600000000000000000e+01 3.000000000000000000e+00
2.329242901963180401e+01 -2.033752750726424452e+01 1.723068127186792864e-01 1.000000000000000000e+00 4.300000000000000000e+01 -1.000000000000000000e+00 -8.750000000000000000e+00 -5.000000000000000000e-01 -6.188604980707168579e-02 4.676351323723793030e-02 1.000000000000000000e+00 3.000000000000000000e+00 2.000000000000000000e+01 2.000000000000000000e+01 0.000000000000000000e+00 1.000000000000000000e+00 1.700000000000000000e+01 3.000000000000000000e+00
2.571384448898528774e+01 -1.795914017807561436e+01 1.764510884792951928e-01 1.000000000000000000e+00 4.400000000000000000e+01 4.000000000000000000e+00 -8.750000000000000000e+00 -5.000000000000000000e-01 -1.204559281468391418e-01 7.351965457201004028e-02 1.000000000000000000e+00 3.000000000000000000e+00 2.000000000000000000e+01 2.000000000000000000e+01 0.000000000000000000e+00 1.000000000000000000e+00 1.700000000000000000e+01 3.000000000000000000e+00
3.054159923203966898e+01 7.398480606697065198e+00 1.142634169427419188e-01 1.000000000000000000e+00 4.500000000000000000e+01 5.500000000000000000e+00 -8.500000000000000000e+00 -5.000000000000000000e-01 -2.934304773807525635e-01 -6.724448502063751221e-02 1.000000000000000000e+00 3.000000000000000000e+00 1.900000000000000000e+01 1.900000000000000000e+01 0.000000000000000000e+00 1.000000000000000000e+00 1.600000000000000000e+01 3.000000000000000000e+00
2.918296736842634331e+01 1.201081229999124034e+01 9.161587746977528646e-02 3.000000000000000000e+00 4.600000000000000000e+01 5.000000000000000000e-01 -8.500000000000000000e+00 -5.000000000000000000e-01 -3.320266008377075195e-01 -1.268300414085388184e-01 1.000000000000000000e+00 3.000000000000000000e+00 1.900000000000000000e+01 1.900000000000000000e+01 1.600000000000000000e+01 1.000000000000000000e+00 1.600000000000000000e+01 3.000000000000000000e+00
3.201405157040134952e+01 -6.815201043712189488e+00 1.702987578147674708e-01 0.000000000000000000e+00 4.700000000000000000e+01 1.450000000000000000e+01 -4.250000000000000000e+00 0.000000000000000000e+00 3.909496068954467773e+00 -7.219240069389343262e-01 1.000000000000000000e+00 3.000000000000000000e+00 1.900000000000000000e+01 1.900000000000000000e+01 9.000000000000000000e+00 3.000000000000000000e+00 1.600000000000000000e+01 3.000000000000000000e+00
3.177456525827897238e+01 -1.121320654411959872e+01 1.841144349652755752e-01 0.000000000000000000e+00 4.800000000000000000e+01 1.000000000000000000e+00 -4.000000000000000000e+00 0.000000000000000000e+00 3.909654617309570312e+00 -1.217577934265136719e+00 1.000000000000000000e+00 1.000000000000000000e+00 1.900000000000000000e+01 1.900000000000000000e+01 0.000000000000000000e+00 1.000000000000000000e+00 1.600000000000000000e+01 3.000000000000000000e+00
3.120619975106913202e+01 1.459277389998840313e+01 9.304643755401192928e-02 3.000000000000000000e+00 4.900000000000000000e+01 2.500000000000000000e+00 -8.250000000000000000e+00 -5.000000000000000000e-01 -1.308095455169677734e-01 -5.699012055993080139e-02 1.000000000000000000e+00 3.000000000000000000e+00 1.900000000000000000e+01 1.900000000000000000e+01 0.000000000000000000e+00 1.000000000000000000e+00 1.600000000000000000e+01 3.000000000000000000e+00
3.380677404523812868e+01 -7.631290917195541645e+00 1.821733191697997301e-01 0.000000000000000000e+00 5.000000000000000000e+01 1.450000000000000000e+01 -4.250000000000000000e+00 0.000000000000000000e+00 3.890951156616210938e+00 -7.676742076873779297e-01 1.000000000000000000e+00 3.000000000000000000e+00 1.900000000000000000e+01 1.900000000000000000e+01 0.000000000000000000e+00 1.000000000000000000e+00 1.600000000000000000e+01 3.000000000000000000e+00
3.112253550780221545e+01 -1.700756556897238880e+01 2.006110920731537517e-01 0.000000000000000000e+00 5.100000000000000000e+01 -2.500000000000000000e+00 -4.250000000000000000e+00 0.000000000000000000e+00 3.264125585556030273e+00 -1.584619045257568359e+00 1.000000000000000000e+00 1.000000000000000000e+00 1.900000000000000000e+01 2.000000000000000000e+01 4.000000000000000000e+00 3.000000000000000000e+00 1.600000000000000000e+01 3.000000000000000000e+00
2.928492720544957351e+01 -2.119124484231659267e+01 2.055948874521305592e-01 0.000000000000000000e+00 5.200000000000000000e+01 -3.000000000000000000e+00 -4.250000000000000000e+00 0.000000000000000000e+00 2.855063915252685547e+00 -1.830393910408020020e+00 1.000000000000000000e+00 1.000000000000000000e+00 2.000000000000000000e+01 2.000000000000000000e+01 4.000000000000000000e+00 3.000000000000000000e+00 1.700000000000000000e+01 3.000000000000000000e+00
3.520670118662555836e+01 -7.643833739350252010e+00 1.893111677589693342e-01 0.000000000000000000e+00 5.300000000000000000e+01 2.250000000000000000e+01 -4.250000000000000000e+00 0.000000000000000000e+00 3.901632308959960938e+00 -7.417165040969848633e-01 1.000000000000000000e+00 3.000000000000000000e+00 1.900000000000000000e+01 1.900000000000000000e+01 0.000000000000000000e+00 1.000000000000000000e+00 1.600000000000000000e+01 3.000000000000000000e+00
3.603717769388098446e+01 -4.251157264734266583e+00 1.819262317334645329e-01 0.000000000000000000e+00 5.400000000000000000e+01 2.200000000000000000e+01 2.500000000000000000e+00 0.000000000000000000e+00 1.068965911865234375e+01 -1.063511967658996582e+00 1.000000000000000000e+00 3.000000000000000000e+00 1.900000000000000000e+01 1.900000000000000000e+01 0.000000000000000000e+00 1.000000000000000000e+00 1.600000000000000000e+01 3.000000000000000000e+00
3.456184875537999801e+01 -1.263822836412851558e+01 2.031104608554279711e-01 0.000000000000000000e+00 5.500000000000000000e+01 -5.000000000000000000e-01 -4.000000000000000000e+00 0.000000000000000000e+00 3.877811908721923828e+00 -1.261827707290649414e+00 1.000000000000000000e+00 1.000000000000000000e+00 2.000000000000000000e+01 2.000000000000000000e+01 4.000000000000000000e+00 3.000000000000000000e+00 1.600000000000000000e+01 3.000000000000000000e+00
3.673229417394757235e+01 6.342979849648000545e+00 1.492455345830912272e-01 1.000000000000000000e+00 5.600000000000000000e+01 1.400000000000000000e+01 -8.500000000000000000e+00 -7.500000000000000000e-01 -3.135294020175933838e-01 -5.278008058667182922e-02 1.000000000000000000e+00 3.000000000000000000e+00 1.900000000000000000e+01 1.900000000000000000e+01 0.000000000000000000e+00 1.000000000000000000e+00 1.600000000000000000e+01 3.000000000000000000e+00
3.659764810920204070e+01 -8.656330554255415421e+00 1.998206727787787129e-01 0.000000000000000000e+00 5.700000000000000000e+01 1.650000000000000000e+01 -4.250000000000000000e+00 0.000000000000000000e+00 3.873596429824829102e+00 -8.078103661537170410e-01 1.000000000000000000e+00 3.000000000000000000e+00 1.900000000000000000e+01 1.900000000000000000e+01 0.000000000000000000e+00 1.000000000000000000e+00 1.600000000000000000e+01 3.000000000000000000e+00
3.267936223737952162e+01 -2.182167875991410710e+01 2.249526582975207023e-01 3.000000000000000000e+00 5.800000000000000000e+01 -1.000000000000000000e+00 -8.750000000000000000e+00 -5.000000000000000000e-01 -1.263970732688903809e-01 7.548713684082031250e-02 1.000000000000000000e+00 3.000000000000000000e+00 2.000000000000000000e+01 2.000000000000000000e+01 4.000000000000000000e+00 3.000000000000000000e+00 1.700000000000000000e+01 3.000000000000000000e+00
3.328830523686502829e+01 -2.082710020866698031e+01 2.246400492708393037e-01 3.000000000000000000e+00 5.900000000000000000e+01 -1.500000000000000000e+00 -8.750000000000000000e+00 -5.000000000000000000e-01 -1.437719017267227173e-01 8.052798360586166382e-02 1.000000000000000000e+00 3.000000000000000000e+00 2.000000000000000000e+01 2.000000000000000000e+01 4.000000000000000000e+00 3.000000000000000000e+00 1.700000000000000000e+01 3.000000000000000000e+00
3.819756538714404570e+01 -8.670665213028863505e+00 2.079782168019829458e-01 0.000000000000000000e+00 6.000000000000000000e+01 7.500000000000000000e+00 -4.250000000000000000e+00 0.000000000000000000e+00 3.886114835739135742e+00 -7.791002988815307617e-01 1.000000000000000000e+00 3.000000000000000000e+00 1.900000000000000000e+01 1.900000000000000000e+01 9.000000000000000000e+00 3.000000000000000000e+00 1.600000000000000000e+01 3.000000000000000000e+00
3.387750395450065355e+01 -2.203242131373984236e+01 2.317451492009827141e-01 3.000000000000000000e+00 6.100000000000000000e+01 -4.000000000000000000e+00 -8.750000000000000000e+00 -5.000000000000000000e-01 -1.328003704547882080e-01 7.746688276529312134e-02 1.000000000000000000e+00 3.000000000000000000e+00 2.000000000000000000e+01 2.000000000000000000e+01 1.100000000000000000e+01 3.000000000000000000e+00 1.700000000000000000e+01 3.000000000000000000e+00
3.570613205516348643e+01 -1.884869412588514237e+01 2.301330038216842788e-01 3.000000000000000000e+00 6.200000000000000000e+01 -5.000000000000000000e+00 -8.750000000000000000e+00 -5.000000000000000000e-01 -1.869938224554061890e-01 8.870219439268112183e-02 1.000000000000000000e+00 3.000000000000000000e+00 2.000000000000000000e+01 2.000000000000000000e+01 4.000000000000000000e+00 3.000000000000000000e+00 1.600000000000000000e+01 3.000000000000000000e+00
4.127998891318758723e+01 5.020345548321819562e-01 1.922541713092199289e-01 1.000000000000000000e+00 6.300000000000000000e+01 8.500000000000000000e+00 -8.500000000000000000e+00 -7.500000000000000000e-01 -2.159013152122497559e-01 -4.376377910375595093e-03 1.000000000000000000e+00 3.000000000000000000e+00 1.900000000000000000e+01 1.900000000000000000e+01 0.000000000000000000e+00 1.000000000000000000e+00 1.600000000000000000e+01 3.000000000000000000e+00
3.628455528339755887e+01 -2.125395888473726558e+01 2.412840914998331532e-01 1.000000000000000000e+00 6.400000000000000000e+01 5.000000000000000000e-01 -8.750000000000000000e+00 -7.500000000000000000e-01 -5.638191848993301392e-02 2.975712530314922333e-02 1.000000000000000000e+00 3.000000000000000000e+00 2.000000000000000000e+01 2.000000000000000000e+01 0.000000000000000000e+00 1.000000000000000000e+00 1.700000000000000000e+01 3.000000000000000000e+00
4.365652045692213790e+01 -2.119347875914014523e+00 2.132568155380566988e-01 1.000000000000000000e+00 6.500000000000000000e+01 7.500000000000000000e+00 -8.500000000000000000e+00 -7.500000000000000000e-01 -1.750828176736831665e-01 6.359846331179141998e-03 1.000000000000000000e+00 3.000000000000000000e+00 1.900000000000000000e+01 1.900000000000000000e+01 0.000000000000000000e+00 1.000000000000000000e+00 1.600000000000000000e+01 3.000000000000000000e+00
4.238226679259859964e+01 1.189255152744839705e+01 1.589155232781146732e-01 3.000000000000000000e+00 6.600000000000000000e+01 -2.000000000000000000e+00 -8.250000000000000000e+00 -7.500000000000000000e-01 -1.361523419618606567e-01 -3.688708320260047913e-02 1.000000000000000000e+00 3.000000000000000000e+00 1.900000000000000000e+01 1.900000000000000000e+01 4.000000000000000000e+00 3.000000000000000000e+00 1.600000000000000000e+01 3.000000000000000000e+00
4.431573513635798633e+01 4.474973334991852347e+00 1.940628405517359767e-01 3.000000000000000000e+00 6.700000000000000000e+01 -2.000000000000000000e+00 -8.250000000000000000e+00 -7.500000000000000000e-01 -2.544952742755413055e-02 -2.630858216434717178e-03 1.000000000000000000e+00 3.000000000000000000e+00 1.900000000000000000e+01 1.900000000000000000e+01 9.000000000000000000e+00 3.000000000000000000e+00 1.600000000000000000e+01 3.000000000000000000e+00
4.380552876557766950e+01 1.447988863730176945e+01 1.572869970602474854e-01 3.000000000000000000e+00 6.800000000000000000e+01 -1.000000000000000000e+00 -8.250000000000000000e+00 -7.500000000000000000e-01 -1.636614948511123657e-01 -5.210589990019798279e-02 1.000000000000000000e+00 3.000000000000000000e+00 2.000000000000000000e+01 2.000000000000000000e+01 4.000000000000000000e+00 3.000000000000000000e+00 1.600000000000000000e+01 3.000000000000000000e+00
4.230577986000231760e+01 -1.890782449506834340e+01 2.637828170013176154e-01 1.000000000000000000e+00 6.900000000000000000e+01 2.000000000000000000e+00 -8.750000000000000000e+00 -7.500000000000000000e-01 -1.372389346361160278e-01 5.567807704210281372e-02 1.000000000000000000e+00 3.000000000000000000e+00 1.900000000000000000e+01 2.000000000000000000e+01 0.000000000000000000e+00 1.000000000000000000e+00 1.600000000000000000e+01 3.000000000000000000e+00
4.330213616997828296e+01 -1.931676487330415171e+01 2.702299437881107158e-01 1.000000000000000000e+00 7.000000000000000000e+01 8.000000000000000000e+00 -8.750000000000000000e+00 -7.500000000000000000e-01 -1.373267024755477905e-01 5.569688230752944946e-02 1.000000000000000000e+00 3.000000000000000000e+00 1.900000000000000000e+01 1.900000000000000000e+01 0.000000000000000000e+00 1.000000000000000000e+00 1.600000000000000000e+01 3.000000000000000000e+00
4.771914276238999975e+01 4.844493955312909605e+00 2.100489144606004777e-01 1.000000000000000000e+00 7.100000000000000000e+01 1.750000000000000000e+01 -8.500000000000000000e+00 -7.500000000000000000e-01 -2.734312117099761963e-01 -2.852727100253105164e-02 1.000000000000000000e+00 3.000000000000000000e+00 1.900000000000000000e+01 1.900000000000000000e+01 0.000000000000000000e+00 1.000000000000000000e+00 1.600000000000000000e+01 3.000000000000000000e+00
4.868138873104143016e+01 6.357277264173808451e-01 2.293084114392024975e-01 0.000000000000000000e+00 7.200000000000000000e+01 2.500000000000000000e+00 -7.250000000000000000e+00 -7.500000000000000000e-01 1.032850146293640137e+00 2.193311229348182678e-02 1.000000000000000000e+00 3.000000000000000000e+00 2.000000000000000000e+01 2.100000000000000000e+01 0.000000000000000000e+00 1.000000000000000000e+00 1.600000000000000000e+01 3.000000000000000000e+00
4.951186523722678601e+01 4.028404081829557448e+00 2.219234758156327647e-01 3.000000000000000000e+00 7.300000000000000000e+01 2.000000000000000000e+00 -8.500000000000000000e+00 -7.500000000000000000e-01 -2.609997391700744629e-01 -2.232887782156467438e-02 1.000000000000000000e+00 3.000000000000000000e+00 1.900000000000000000e+01 2.000000000000000000e+01 1.100000000000000000e+01 3.000000000000000000e+00 1.600000000000000000e+01 3.000000000000000000e+00
4.958079986733814337e+01 -1.057271692937402641e+01 2.721696403796621255e-01 0.000000000000000000e+00 7.400000000000000000e+01 -4.000000000000000000e+00 -3.500000000000000000e+00 0.000000000000000000e+00 4.623423099517822266e+00 -8.844048380851745605e-01 1.000000000000000000e+00 3.000000000000000000e+00 2.000000000000000000e+01 2.000000000000000000e+01 4.000000000000000000e+00 3.000000000000000000e+00 1.600000000000000000e+01 3.000000000000000000e+00
4.607326595209230646e+01 -2.254170416668401344e+01 2.952950063539144798e-01 1.000000000000000000e+00 7.500000000000000000e+01 5.000000000000000000e+00 -8.750000000000000000e+00 -7.500000000000000000e-01 -1.082205176353454590e-01 4.841444268822669983e-02 1.000000000000000000e+00 3.000000000000000000e+00 2.000000000000000000e+01 2.000000000000000000e+01 0.000000000000000000e+00 1.000000000000000000e+00 1.600000000000000000e+01 3.000000000000000000e+00
5.117461734538337481e+01 1.101374761154437287e+01 2.064792886808494987e-01 0.000000000000000000e+00 7.600000000000000000e+01 1.500000000000000000e+00 -3.750000000000000000e+00 0.000000000000000000e+00 4.358974456787109375e+00 9.248745441436767578e-01 1.000000000000000000e+00 3.000000000000000000e+00 2.000000000000000000e+01 2.100000000000000000e+01 0.000000000000000000e+00 1.000000000000000000e+00 1.600000000000000000e+01 3.000000000000000000e+00
5.376729655194386481e+01 1.019049042576251729e+01 2.224326123229475316e-01 1.000000000000000000e+00 7.700000000000000000e+01 1.850000000000000000e+01 -8.250000000000000000e+00 -7.500000000000000000e-01 -8.384286612272262573e-02 -1.579434238374233246e-02 1.000000000000000000e+00 3.000000000000000000e+00 1.900000000000000000e+01 2.000000000000000000e+01 0.000000000000000000e+00 1.000000000000000000e+00 1.600000000000000000e+01 3.000000000000000000e+00
5.456904856281873606e+01 1.038331372812329967e+01 2.258370400771668729e-01 1.000000000000000000e+00 7.800000000000000000e+01 1.600000000000000000e+01 -8.250000000000000000e+00 -1.000000000000000000e+00 -1.300836652517318726e-01 -2.461652643978595734e-02 1.000000000000000000e+00 3.000000000000000000e+00 1.900000000000000000e+01 2.000000000000000000e+01 1.100000000000000000e+01 3.000000000000000000e+00 1.600000000000000000e+01 3.000000000000000000e+00
5.579411950144953636e+01 1.317243420870872406e+01 2.225145001260107058e-01 3.000000000000000000e+00 7.900000000000000000e+01 5.000000000000000000e-01 -8.250000000000000000e+00 -1.000000000000000000e+00 -1.680109202861785889e-01 -3.914540261030197144e-02 1.000000000000000000e+00 3.000000000000000000e+00 1.900000000000000000e+01 2.000000000000000000e+01 0.000000000000000000e+00 1.000000000000000000e+00 1.600000000000000000e+01 3.000000000000000000e+00
5.714736934210395702e+01 7.960130637260254716e+00 2.471850626465891820e-01 1.000000000000000000e+00 8.000000000000000000e+01 1.650000000000000000e+01 -8.500000000000000000e+00 -1.000000000000000000e+00 -3.315926194190979004e-01 -4.681955650448799133e-02 1.000000000000000000e+00 3.000000000000000000e+00 1.900000000000000000e+01 2.000000000000000000e+01 1.100000000000000000e+01 3.000000000000000000e+00 1.600000000000000000e+01 3.000000000000000000e+00
5.755093635902084515e+01 8.356528227517793894e+00 2.478757649998930002e-01 1.000000000000000000e+00 8.100000000000000000e+01 1.850000000000000000e+01 -8.500000000000000000e+00 -1.000000000000000000e+00 -3.364385664463043213e-01 -4.941094666719436646e-02 1.000000000000000000e+00 3.000000000000000000e+00 1.900000000000000000e+01 1.900000000000000000e+01 0.000000000000000000e+00 1.000000000000000000e+00 1.600000000000000000e+01 3.000000000000000000e+00
5.779221795885494828e+01 1.295452529621496041e+01 2.333857501010578317e-01 3.000000000000000000e+00 8.200000000000000000e+01 1.500000000000000000e+00 -8.250000000000000000e+00 -1.000000000000000000e+00 -1.586952358484268188e-01 -3.523660823702812195e-02 1.000000000000000000e+00 3.000000000000000000e+00 1.900000000000000000e+01 1.900000000000000000e+01 0.000000000000000000e+00 1.000000000000000000e+00 1.600000000000000000e+01 3.000000000000000000e+00
6.154354271552934819e+01 7.520729173211699425e+00 2.709669340156798945e-01 1.000000000000000000e+00 8.300000000000000000e+01 1.000000000000000000e+01 -8.500000000000000000e+00 -1.000000000000000000e+00 -3.178909420967102051e-01 -3.985939547419548035e-02 1.000000000000000000e+00 3.000000000000000000e+00 1.900000000000000000e+01 2.000000000000000000e+01 9.000000000000000000e+00 3.000000000000000000e+00 1.600000000000000000e+01 3.000000000000000000e+00
6.142075347401434016e+01 1.612212598867747815e+01 2.409508441789982580e-01 1.000000000000000000e+00 8.400000000000000000e+01 1.000000000000000000e+00 -8.250000000000000000e+00 -1.000000000000000000e+00 -1.898636668920516968e-01 -4.923482984304428101e-02 1.000000000000000000e+00 3.000000000000000000e+00 1.900000000000000000e+01 2.000000000000000000e+01 0.000000000000000000e+00 1.000000000000000000e+00 1.600000000000000000e+01 3.000000000000000000e+00
6.295424154038429521e+01 8.708130992643168256e+00 2.740587721922906894e-01 1.000000000000000000e+00 8.500000000000000000e+01 9.000000000000000000e+00 -8.500000000000000000e+00 -1.000000000000000000e+00 -3.313462436199188232e-01 -4.668969660997390747e-02 1.000000000000000000e+00 3.000000000000000000e+00 1.900000000000000000e+01 2.000000000000000000e+01 0.000000000000000000e+00 1.000000000000000000e+00 1.600000000000000000e+01 3.000000000000000000e+00
6.462596622980210270e+01 1.669342762983084683e+01 2.552428929442028815e-01 1.000000000000000000e+00 8.600000000000000000e+01 5.000000000000000000e-01 -8.250000000000000000e+00 -1.000000000000000000e+00 -1.870859265327453613e-01 -4.787850007414817810e-02 1.000000000000000000e+00 3.000000000000000000e+00 2.000000000000000000e+01 2.100000000000000000e+01 0.000000000000000000e+00 1.000000000000000000e+00 1.600000000000000000e+01 3.000000000000000000e+00
6.703732207730448067e+01 -4.328899993925330314e+00 3.393040663017866110e-01 0.000000000000000000e+00 8.700000000000000000e+01 -3.000000000000000000e+00 -7.500000000000000000e-01 0.000000000000000000e+00 7.526023864746093750e+00 -3.966708183288574219e-01 1.000000000000000000e+00 3.000000000000000000e+00 2.000000000000000000e+01 2.100000000000000000e+01 4.000000000000000000e+00 3.000000000000000000e+00 1.600000000000000000e+01 3.000000000000000000e+00
6.503492290722761027e+01 1.768979798352026833e+01 2.539106079325595955e-01 1.000000000000000000e+00 8.800000000000000000e+01 1.000000000000000000e+00 -8.250000000000000000e+00 -1.000000000000000000e+00 -1.977999806404113770e-01 -5.323146283626556396e-02 1.000000000000000000e+00 3.000000000000000000e+00 2.000000000000000000e+01 2.100000000000000000e+01 0.000000000000000000e+00 1.000000000000000000e+00 1.600000000000000000e+01 3.000000000000000000e+00
6.833600334625211303e+01 6.659843520965711861e+00 3.083338034252867121e-01 1.000000000000000000e+00 8.900000000000000000e+01 2.500000000000000000e+00 -8.500000000000000000e+00 -1.000000000000000000e+00 -2.973575592041015625e-01 -3.040210530161857605e-02 1.000000000000000000e+00 3.000000000000000000e+00 1.900000000000000000e+01 2.000000000000000000e+01 0.000000000000000000e+00 1.000000000000000000e+00 1.600000000000000000e+01 3.000000000000000000e+00
6.872880249419606002e+01 5.856296435460629723e+00 3.130705356402220807e-01 1.000000000000000000e+00 9.000000000000000000e+01 1.500000000000000000e+00 -8.500000000000000000e+00 -1.000000000000000000e+00 -2.867712080478668213e-01 -2.596118114888668060e-02 1.000000000000000000e+00 3.000000000000000000e+00 1.900000000000000000e+01 2.100000000000000000e+01 0.000000000000000000e+00 1.000000000000000000e+00 1.600000000000000000e+01 3.000000000000000000e+00
6.606718483446904600e+01 2.128067371299203714e+01 2.468710312005026886e-01 1.000000000000000000e+00 9.100000000000000000e+01 1.950000000000000000e+01 -8.250000000000000000e+00 -1.000000000000000000e+00 -2.351983785629272461e-01 -7.464992254972457886e-02 1.000000000000000000e+00 3.000000000000000000e+00 1.900000000000000000e+01 2.000000000000000000e+01 0.000000000000000000e+00 1.000000000000000000e+00 1.600000000000000000e+01 3.000000000000000000e+00
6.932517852678259374e+01 5.450939253647057114e+00 3.174782731666863089e-01 1.000000000000000000e+00 9.200000000000000000e+01 5.000000000000000000e-01 -8.250000000000000000e+00 -1.000000000000000000e+00 -3.280815854668617249e-02 -2.764223376289010048e-03 1.000000000000000000e+00 3.000000000000000000e+00 1.900000000000000000e+01 2.100000000000000000e+01 1.100000000000000000e+01 3.000000000000000000e+00 1.600000000000000000e+01 3.000000000000000000e+00
6.686317983057072922e+01 -2.372800845007774839e+01 4.047145794936273244e-01 1.000000000000000000e+00 9.300000000000000000e+01 2.000000000000000000e+00 -8.750000000000000000e+00 -1.000000000000000000e+00 -1.196889653801918030e-01 3.938483074307441711e-02 1.000000000000000000e+00 3.000000000000000000e+00 1.900000000000000000e+01 2.000000000000000000e+01 0.000000000000000000e+00 1.000000000000000000e+00 1.600000000000000000e+01 3.000000000000000000e+00
7.117893674246849400e+01 1.143453746498436097e+01 3.064254168397643752e-01 1.000000000000000000e+00 9.400000000000000000e+01 5.000000000000000000e+00 -8.250000000000000000e+00 -1.000000000000000000e+00 -1.065618917346000671e-01 -1.737734489142894745e-02 1.000000000000000000e+00 3.000000000000000000e+00 1.900000000000000000e+01 2.000000000000000000e+01 0.000000000000000000e+00 1.000000000000000000e+00 1.600000000000000000e+01 3.000000000000000000e+00
6.733174814273364461e+01 2.846959251841052208e+01 2.287130960002504154e-01 3.000000000000000000e+00 9.500000000000000000e+01 6.500000000000000000e+00 -8.000000000000000000e+00 -1.000000000000000000e+00 -8.788999170064926147e-02 -3.643303364515304565e-02 1.000000000000000000e+00 3.000000000000000000e+00 1.900000000000000000e+01 2.000000000000000000e+01 9.000000000000000000e+00 3.000000000000000000e+00 1.600000000000000000e+01 3.000000000000000000e+00
7.329265094521285562e+01 1.815268256404328540e+00 3.500101368965046755e-01 1.000000000000000000e+00 9.600000000000000000e+01 3.500000000000000000e+00 -8.500000000000000000e+00 -1.250000000000000000e+00 -2.410433590412139893e-01 -7.887545041739940643e-03 1.000000000000000000e+00 3.000000000000000000e+00 1.900000000000000000e+01 2.000000000000000000e+01 0.000000000000000000e+00 1.000000000000000000e+00 1.600000000000000000e+01 3.000000000000000000e+00
7.328906038263023959e+01 1.415286550270523414e+00 3.513588075699377589e-01 1.000000000000000000e+00 9.700000000000000000e+01 1.500000000000000000e+00 -8.250000000000000000e+00 -1.250000000000000000e+00 1.506876479834318161e-02 4.141937533859163523e-04 1.000000000000000000e+00 3.000000000000000000e+00 1.900000000000000000e+01 2.000000000000000000e+01 0.000000000000000000e+00 1.000000000000000000e+00 1.600000000000000000e+01 3.000000000000000000e+00
7.505664511345477763e+01 -2.200674278342550583e+00 3.726740409744480620e-01 1.000000000000000000e+00 9.800000000000000000e+01 2.050000000000000000e+01 -8.500000000000000000e+00 -1.250000000000000000e+00 -1.779778301715850830e-01 3.413897007703781128e-03 1.000000000000000000e+00 3.000000000000000000e+00 1.900000000000000000e+01 2.000000000000000000e+01 0.000000000000000000e+00 1.000000000000000000e+00 1.600000000000000000e+01 3.000000000000000000e+00
7.671401519437218042e+01 4.184696896402734012e+00 3.592528784950169696e-01 3.000000000000000000e+00 9.900000000000000000e+01 -4.500000000000000000e+00 -8.250000000000000000e+00 -1.250000000000000000e+00 -2.615750953555107117e-02 -1.606162870302796364e-03 1.000000000000000000e+00 3.000000000000000000e+00 2.100000000000000000e+01 2.200000000000000000e+01 9.000000000000000000e+00 3.000000000000000000e+00 1.600000000000000000e+01 3.000000000000000000e+00
7.824211742328866137e+01 -3.829269943609427962e+00 3.943838101068484203e-01 3.000000000000000000e+00 1.000000000000000000e+02 1.100000000000000000e+01 -8.500000000000000000e+00 -1.250000000000000000e+00 -1.547830551862716675e-01 5.894686095416545868e-03 1.000000000000000000e+00 3.000000000000000000e+00 1.900000000000000000e+01 2.000000000000000000e+01 9.000000000000000000e+00 3.000000000000000000e+00 1.600000000000000000e+01 3.000000000000000000e+00
7.300899656539135663e+01 -2.978327937593772745e+01 4.565550959816118692e-01 1.000000000000000000e+00 1.010000000000000000e+02 0.000000000000000000e+00 -9.000000000000000000e+00 -1.250000000000000000e+00 -2.071610987186431885e-01 7.890559732913970947e-02 1.000000000000000000e+00 3.000000000000000000e+00 2.100000000000000000e+01 2.200000000000000000e+01 0.000000000000000000e+00 1.000000000000000000e+00 1.600000000000000000e+01 3.000000000000000000e+00
7.902520265880721695e+01 1.656441587175202912e+01 3.286606919076772715e-01 1.000000000000000000e+00 1.020000000000000000e+02 1.500000000000000000e+00 -8.250000000000000000e+00 -1.250000000000000000e+00 -1.996588706970214844e-01 -4.212315008044242859e-02 1.000000000000000000e+00 3.000000000000000000e+00 2.000000000000000000e+01 2.100000000000000000e+01 0.000000000000000000e+00 1.000000000000000000e+00 1.600000000000000000e+01 3.000000000000000000e+00
7.940543485269301982e+01 1.436093448363195613e+01 3.381177658525371110e-01 3.000000000000000000e+00 1.030000000000000000e+02 2.000000000000000000e+00 -8.250000000000000000e+00 -1.250000000000000000e+00 -1.690795421600341797e-01 -3.098423779010772705e-02 1.000000000000000000e+00 3.000000000000000000e+00 2.000000000000000000e+01 2.200000000000000000e+01 0.000000000000000000e+00 1.000000000000000000e+00 1.600000000000000000e+01 3.000000000000000000e+00
7.559269937619605173e+01 -3.160648963501600406e+01 4.758800922879417028e-01 3.000000000000000000e+00 1.040000000000000000e+02 5.000000000000000000e-01 -8.750000000000000000e+00 -1.250000000000000000e+00 2.192194014787673950e-02 -8.574530482292175293e-03 1.000000000000000000e+00 3.000000000000000000e+00 2.100000000000000000e+01 2.200000000000000000e+01 0.000000000000000000e+00 1.000000000000000000e+00 1.600000000000000000e+01 3.000000000000000000e+00
8.308135399133884391e+01 5.275237580333189680e-01 4.040210104408300529e-01 1.000000000000000000e+00 1.050000000000000000e+02 2.000000000000000000e+00 -8.500000000000000000e+00 -1.250000000000000000e+00 -2.197508960962295532e-01 -3.314108587801456451e-03 1.000000000000000000e+00 3.000000000000000000e+00 2.000000000000000000e+01 2.100000000000000000e+01 9.000000000000000000e+00 3.000000000000000000e+00 1.600000000000000000e+01 3.000000000000000000e+00
8.427231840688494913e+01 -4.831812290040867208e-01 4.135108587237826816e-01 1.000000000000000000e+00 1.060000000000000000e+02 4.500000000000000000e+00 -8.500000000000000000e+00 -1.250000000000000000e+00 -2.056027203798294067e-01 -7.057301700115203857e-04 1.000000000000000000e+00 3.000000000000000000e+00 1.900000000000000000e+01 2.100000000000000000e+01 9.000000000000000000e+00 3.000000000000000000e+00 1.600000000000000000e+01 3.000000000000000000e+00
8.527226527516323529e+01 -4.921403779213257557e-01 4.186093164448830839e-01 1.000000000000000000e+00 1.070000000000000000e+02 1.500000000000000000e+00 -8.500000000000000000e+00 -1.250000000000000000e+00 -2.055551856756210327e-01 -6.975854630582034588e-04 1.000000000000000000e+00 3.000000000000000000e+00 2.000000000000000000e+01 2.100000000000000000e+01 1.100000000000000000e+01 3.000000000000000000e+00 1.600000000000000000e+01 3.000000000000000000e+00
8.211301203621515299e+01 2.633708903324044570e+01 3.109136375912190386e-01 1.000000000000000000e+00 1.080000000000000000e+02 1.000000000000000000e+01 -8.000000000000000000e+00 -1.250000000000000000e+00 -8.168119192123413086e-02 -2.604188770055770874e-02 1.000000000000000000e+00 3.000000000000000000e+00 2.000000000000000000e+01 2.100000000000000000e+01 0.000000000000000000e+00 1.000000000000000000e+00 1.600000000000000000e+01 3.000000000000000000e+00
8.687397401936692631e+01 -3.064842090533337338e-01 4.260925058832655821e-01 3.000000000000000000e+00 1.090000000000000000e+02 1.750000000000000000e+01 -8.500000000000000000e+00 -1.250000000000000000e+00 -2.081855833530426025e-01 -1.156586571596562862e-03 1.000000000000000000e+00 3.000000000000000000e+00 1.900000000000000000e+01 2.100000000000000000e+01 0.000000000000000000e+00 1.000000000000000000e+00 1.600000000000000000e+01 3.000000000000000000e+00
8.291835842844750459e+01 2.692989448437382549e+01 3.129694125133377081e-01 1.000000000000000000e+00 1.100000000000000000e+02 2.000000000000000000e+00 -8.000000000000000000e+00 -1.250000000000000000e+00 -8.592787384986877441e-02 -2.774128317832946777e-02 1.000000000000000000e+00 3.000000000000000000e+00 2.000000000000000000e+01 2.200000000000000000e+01 1.100000000000000000e+01 3.000000000000000000e+00 1.600000000000000000e+01 3.000000000000000000e+00
8.782903886606337096e+01 -5.315213492605045609e+00 4.480493430029284241e-01 3.000000000000000000e+00 1.110000000000000000e+02 2.750000000000000000e+01 -8.500000000000000000e+00 -1.250000000000000000e+00 -1.408100426197052002e-01 6.963134277611970901e-03 1.000000000000000000e+00 3.000000000000000000e+00 1.900000000000000000e+01 2.100000000000000000e+01 0.000000000000000000e+00 1.000000000000000000e+00 1.600000000000000000e+01 3.000000000000000000e+00
8.504246933140564124e+01 -2.609096271626582819e+01 5.049242164333319627e-01 3.000000000000000000e+00 1.120000000000000000e+02 -1.000000000000000000e+00 -8.750000000000000000e+00 -1.250000000000000000e+00 -9.485010802745819092e-02 2.714601531624794006e-02 1.000000000000000000e+00 3.000000000000000000e+00 2.100000000000000000e+01 2.200000000000000000e+01 4.000000000000000000e+00 3.000000000000000000e+00 1.600000000000000000e+01 3.000000000000000000e+00
9.026661377375081940e+01 -1.136908562504419073e+00 4.461246106585994853e-01 3.000000000000000000e+00 1.130000000000000000e+02 1.450000000000000000e+01 -8.500000000000000000e+00 -1.500000000000000000e+00 -1.967017352581024170e-01 6.318042869679629803e-04 1.000000000000000000e+00 3.000000000000000000e+00 1.900000000000000000e+01 2.000000000000000000e+01 0.000000000000000000e+00 1.000000000000000000e+00 1.600000000000000000e+01 3.000000000000000000e+00
8.786782490224301512e+01 2.128535580754483547e+01 3.573430873314218381e-01 3.000000000000000000e+00 1.140000000000000000e+02 2.000000000000000000e+00 -8.250000000000000000e+00 -1.250000000000000000e+00 -2.341803759336471558e-01 -5.699764564633369446e-02 1.000000000000000000e+00 3.000000000000000000e+00 2.000000000000000000e+01 2.200000000000000000e+01 0.000000000000000000e+00 1.000000000000000000e+00 1.600000000000000000e+01 3.000000000000000000e+00
9.126476536127283623e+01 -1.345858504886656037e+00 4.518974035154488256e-01 3.000000000000000000e+00 1.150000000000000000e+02 3.500000000000000000e+00 -8.500000000000000000e+00 -1.500000000000000000e+00 -1.936363428831100464e-01 1.025616307742893696e-03 1.000000000000000000e+00 3.000000000000000000e+00 1.900000000000000000e+01 2.100000000000000000e+01 1.100000000000000000e+01 3.000000000000000000e+00 1.600000000000000000e+01 3.000000000000000000e+00
9.307364155109661397e+01 -3.620309049990624306e-01 4.577029281948296613e-01 3.000000000000000000e+00 1.160000000000000000e+02 1.100000000000000000e+01 -8.500000000000000000e+00 -1.500000000000000000e+00 -2.090490460395812988e-01 -1.086533418856561184e-03 1.000000000000000000e+00 3.000000000000000000e+00 1.900000000000000000e+01 2.100000000000000000e+01 9.000000000000000000e+00 3.000000000000000000e+00 1.600000000000000000e+01 3.000000000000000000e+00
9.308979907843804824e+01 1.437886295787824009e+00 4.516339117721211993e-01 3.000000000000000000e+00 1.170000000000000000e+02 8.500000000000000000e+00 -8.500000000000000000e+00 -1.500000000000000000e+00 -2.364017963409423828e-01 -5.652017891407012939e-03 1.000000000000000000e+00 3.000000000000000000e+00 2.000000000000000000e+01 2.200000000000000000e+01 9.000000000000000000e+00 3.000000000000000000e+00 1.600000000000000000e+01 3.000000000000000000e+00
9.385744456997348095e+01 -2.169115452260892862e+00 4.678507263536765826e-01 3.000000000000000000e+00 1.180000000000000000e+02 3.500000000000000000e+00 -8.500000000000000000e+00 -1.500000000000000000e+00 -1.817046403884887695e-01 2.435216912999749184e-03 1.000000000000000000e+00 3.000000000000000000e+00 1.900000000000000000e+01 2.100000000000000000e+01 1.100000000000000000e+01 3.000000000000000000e+00 1.600000000000000000e+01 3.000000000000000000e+00
9.071793942362459973e+01 2.686001316383109128e+01 3.527373593990333345e-01 3.000000000000000000e+00 1.190000000000000000e+02 2.000000000000000000e+00 -8.250000000000000000e+00 -1.500000000000000000e+00 -3.549898266792297363e-01 -1.050557568669319153e-01 1.000000000000000000e+00 3.000000000000000000e+00 2.000000000000000000e+01 2.200000000000000000e+01 0.000000000000000000e+00 1.000000000000000000e+00 1.600000000000000000e+01 3.000000000000000000e+00
9.645550962040786658e+01 -2.392400078842040312e+00 4.817810439856250460e-01 3.000000000000000000e+00 1.200000000000000000e+02 1.800000000000000000e+01 -8.500000000000000000e+00 -1.500000000000000000e+00 -1.792607754468917847e-01 2.699710661545395851e-03 1.000000000000000000e+00 3.000000000000000000e+00 1.900000000000000000e+01 2.100000000000000000e+01 1.500000000000000000e+01 1.000000000000000000e+00 1.600000000000000000e+01 3.000000000000000000e+00
9.370700833643135752e+01 2.563319012186272516e+01 3.720787461903740101e-01 3.000000000000000000e+00 1.210000000000000000e+02 1.000000000000000000e+00 -8.250000000000000000e+00 -1.500000000000000000e+00 -3.295376300811767578e-01 -9.040111303329467773e-02 1.000000000000000000e+00 3.000000000000000000e+00 2.100000000000000000e+01 2.200000000000000000e+01 1.600000000000000000e+01 1.000000000000000000e+00 1.600000000000000000e+01 3.000000000000000000e+00
8.992371512897253183e+01 -3.933515237919140617e+01 5.749226292234234093e-01 3.000000000000000000e+00 1.220000000000000000e+02 6.500000000000000000e+00 -9.000000000000000000e+00 -1.500000000000000000e+00 -8.205640316009521484e-02 3.382410481572151184e-02 1.000000000000000000e+00 3.000000000000000000e+00 2.000000000000000000e+01 2.200000000000000000e+01 0.000000000000000000e+00 1.000000000000000000e+00 1.600000000000000000e+01 3.000000000000000000e+00
9.904639354781720328e+01 -3.415647879283179922e+00 4.984087021605693169e-01 3.000000000000000000e+00 1.230000000000000000e+02 1.300000000000000000e+01 -8.500000000000000000e+00 -1.500000000000000000e+00 -1.653934568166732788e-01 4.045827779918909073e-03 1.000000000000000000e+00 3.000000000000000000e+00 1.900000000000000000e+01 2.100000000000000000e+01 1.500000000000000000e+01 1.000000000000000000e+00 1.600000000000000000e+01 3.000000000000000000e+00
9.513386469076789353e+01 2.862050938048869497e+01 3.691015671404060949e-01 3.000000000000000000e+00 1.240000000000000000e+02 9.500000000000000000e+00 -8.000000000000000000e+00 -1.500000000000000000e+00 -1.316161453723907471e-01 -3.961914777755737305e-02 1.000000000000000000e+00 3.000000000000000000e+00 2.000000000000000000e+01 2.200000000000000000e+01 0.000000000000000000e+00 1.000000000000000000e+00 1.600000000000000000e+01 3.000000000000000000e+00
