6.185245311208857899e-01 2.658773788638525204e+00 -1.122657110447227574e-02 1.000000000000000000e+00 0.000000000000000000e+00 3.000000000000000000e+00 -8.500000000000000000e+00 0.000000000000000000e+00 -9.193072468042373657e-02 -5.641203373670578003e-02 1.000000000000000000e+00 3.000000000000000000e+00 1.900000000000000000e+01 1.900000000000000000e+01 0.000000000000000000e+00 1.000000000000000000e+00 1.700000000000000000e+01 3.000000000000000000e+00
6.227940906253381925e-01 3.058749194681828154e+00 -1.238025270497123895e-02 1.000000000000000000e+00 1.000000000000000000e+00 1.000000000000000000e+00 -8.500000000000000000e+00 0.000000000000000000e+00 -8.324540406465530396e-02 -5.865017324686050415e-02 1.000000000000000000e+00 3.000000000000000000e+00 1.900000000000000000e+01 1.900000000000000000e+01 0.000000000000000000e+00 1.000000000000000000e+00 1.700000000000000000e+01 3.000000000000000000e+00
4.505623566033492011e-01 5.660720805117560595e+00 -2.130139683737954093e-02 1.000000000000000000e+00 2.000000000000000000e+00 1.000000000000000000e+00 -8.500000000000000000e+00 0.000000000000000000e+00 -3.883113712072372437e-02 -5.269940197467803955e-02 1.000000000000000000e+00 3.000000000000000000e+00 2.000000000000000000e+01 2.000000000000000000e+01 0.000000000000000000e+00 1.000000000000000000e+00 1.800000000000000000e+01 3.000000000000000000e+00
4.252385609845044989e+00 5.820226823558687812e+00 5.143739157515619942e-03 1.000000000000000000e+00 3.000000000000000000e+00 3.500000000000000000e+00 -8.000000000000000000e+00 -2.500000000000000000e-01 1.242149248719215393e-01 9.160850197076797485e-02 1.000000000000000000e+00 3.000000000000000000e+00 1.900000000000000000e+01 1.900000000000000000e+01 0.000000000000000000e+00 1.000000000000000000e+00 1.700000000000000000e+01 3.000000000000000000e+00
5.654405162290134790e+00 6.005299975595766782e+00 1.452236100381206624e-02 1.000000000000000000e+00 4.000000000000000000e+00 7.000000000000000000e+00 -8.000000000000000000e+00 -2.500000000000000000e-01 1.491695940494537354e-01 9.680154919624328613e-02 1.000000000000000000e+00 3.000000000000000000e+00 1.900000000000000000e+01 1.900000000000000000e+01 0.000000000000000000e+00 1.000000000000000000e+00 1.700000000000000000e+01 3.000000000000000000e+00
4.707171698122267323e+00 -7.785333655134626163e+00 4.863555790382093069e-02 1.000000000000000000e+00 5.000000000000000000e+00 5.000000000000000000e-01 -8.750000000000000000e+00 -2.500000000000000000e-01 -1.030044406652450562e-01 9.222489595413208008e-02 1.000000000000000000e+00 3.000000000000000000e+00 1.900000000000000000e+01 1.900000000000000000e+01 0.000000000000000000e+00 1.000000000000000000e+00 1.700000000000000000e+01 3.000000000000000000e+00
6.452204949045966309e+00 5.796789854974797151e+00 2.078803996820246386e-02 1.000000000000000000e+00 6.000000000000000000e+00 -3.000000000000000000e+00 -8.250000000000000000e+00 -2.500000000000000000e-01 -1.642590761184692383e-02 -9.501260705292224884e-03 1.000000000000000000e+00 3.000000000000000000e+00 1.900000000000000000e+01 1.900000000000000000e+01 0.000000000000000000e+00 1.000000000000000000e+00 1.700000000000000000e+01 3.000000000000000000e+00
5.904938285608161586e+00 -7.998105515884439853e+00 5.774565410667875653e-02 1.000000000000000000e+00 7.000000000000000000e+00 2.000000000000000000e+00 -8.750000000000000000e+00 -2.500000000000000000e-01 -1.248256862163543701e-01 1.006247773766517639e-01 1.000000000000000000e+00 3.000000000000000000e+00 1.900000000000000000e+01 1.900000000000000000e+01 0.000000000000000000e+00 1.000000000000000000e+00 1.700000000000000000e+01 3.000000000000000000e+00
7.504806462483338159e+00 -8.015150579327427138e+00 6.912332434098630851e-02 1.000000000000000000e+00 8.000000000000000000e+00 1.550000000000000000e+01 -8.500000000000000000e+00 -2.500000000000000000e-01 1.232112944126129150e-02 -8.538326248526573181e-03 1.000000000000000000e+00 3.000000000000000000e+00 1.900000000000000000e+01 1.900000000000000000e+01 0.000000000000000000e+00 1.000000000000000000e+00 1.700000000000000000e+01 3.000000000000000000e+00
8.500454868579549128e+00 -8.425779392236471210e+00 7.738805306868393186e-02 1.000000000000000000e+00 9.000000000000000000e+00 4.500000000000000000e+00 -8.500000000000000000e+00 -2.500000000000000000e-01 8.871052414178848267e-03 -5.937881767749786377e-03 1.000000000000000000e+00 3.000000000000000000e+00 1.900000000000000000e+01 1.900000000000000000e+01 1.100000000000000000e+01 3.000000000000000000e+00 1.700000000000000000e+01 3.000000000000000000e+00
9.702491971710834662e+00 -8.238575618698629199e+00 8.534447376501708149e-02 1.000000000000000000e+00 1.000000000000000000e+01 1.050000000000000000e+01 -8.750000000000000000e+00 -2.500000000000000000e-01 -1.874839514493942261e-01 1.116632446646690369e-01 1.000000000000000000e+00 3.000000000000000000e+00 1.900000000000000000e+01 1.900000000000000000e+01 0.000000000000000000e+00 1.000000000000000000e+00 1.700000000000000000e+01 3.000000000000000000e+00
1.048961690229216615e+01 -9.447024601874211669e+00 9.449435098050462667e-02 1.000000000000000000e+00 1.100000000000000000e+01 -1.000000000000000000e+00 -8.500000000000000000e+00 -2.500000000000000000e-01 5.276505835354328156e-03 -3.407743759453296661e-03 1.000000000000000000e+00 3.000000000000000000e+00 1.900000000000000000e+01 1.900000000000000000e+01 9.000000000000000000e+00 3.000000000000000000e+00 1.700000000000000000e+01 3.000000000000000000e+00
1.170019312952207358e+01 -8.459869539441752906e+00 1.001434071005437021e-01 1.000000000000000000e+00 1.200000000000000000e+01 5.000000000000000000e+00 -8.750000000000000000e+00 -2.500000000000000000e-01 -2.092544436454772949e-01 1.113341003656387329e-01 1.000000000000000000e+00 3.000000000000000000e+00 1.900000000000000000e+01 1.900000000000000000e+01 1.100000000000000000e+01 3.000000000000000000e+00 1.600000000000000000e+01 3.000000000000000000e+00
6.548270067162001773e+00 1.479623923259517682e+01 -5.169803950976922802e-03 2.000000000000000000e+00 1.300000000000000000e+01 2.500000000000000000e+00 -1.075000000000000000e+01 -2.500000000000000000e-01 -8.689806461334228516e-01 -1.269393205642700195e+00 1.000000000000000000e+00 3.000000000000000000e+00 2.000000000000000000e+01 2.000000000000000000e+01 1.600000000000000000e+01 1.000000000000000000e+00 1.900000000000000000e+01 3.000000000000000000e+00
1.290009354698139177e+01 -8.472653329404254308e+00 1.086766546900576058e-01 1.000000000000000000e+00 1.400000000000000000e+01 3.000000000000000000e+00 -8.750000000000000000e+00 -2.500000000000000000e-01 -2.227852493524551392e-01 1.100665256381034851e-01 1.000000000000000000e+00 3.000000000000000000e+00 1.900000000000000000e+01 1.900000000000000000e+01 0.000000000000000000e+00 1.000000000000000000e+00 1.600000000000000000e+01 3.000000000000000000e+00
9.539484857679365604e+00 1.396432939193137024e+01 1.847069719337665616e-02 3.000000000000000000e+00 1.500000000000000000e+01 -1.000000000000000000e+00 -9.250000000000000000e+00 -2.500000000000000000e-01 -5.295119881629943848e-01 -5.656151175498962402e-01 1.000000000000000000e+00 3.000000000000000000e+00 2.000000000000000000e+01 2.000000000000000000e+01 1.600000000000000000e+01 1.000000000000000000e+00 1.800000000000000000e+01 3.000000000000000000e+00
1.409999587163288126e+01 -8.485437139686061059e+00 1.172099158428162036e-01 1.000000000000000000e+00 1.600000000000000000e+01 6.000000000000000000e+00 -8.750000000000000000e+00 -2.500000000000000000e-01 -2.347629368305206299e-01 1.082517951726913452e-01 1.000000000000000000e+00 3.000000000000000000e+00 1.900000000000000000e+01 1.900000000000000000e+01 0.000000000000000000e+00 1.000000000000000000e+00 1.600000000000000000e+01 3.000000000000000000e+00
1.528708951522615678e+01 -9.698147406501782086e+00 1.292042224847197440e-01 1.000000000000000000e+00 1.700000000000000000e+01 7.500000000000000000e+00 -8.750000000000000000e+00 -2.500000000000000000e-01 -2.225164622068405151e-01 1.100992932915687561e-01 1.000000000000000000e+00 3.000000000000000000e+00 1.900000000000000000e+01 1.900000000000000000e+01 1.100000000000000000e+01 3.000000000000000000e+00 1.600000000000000000e+01 3.000000000000000000e+00
1.628914226185147029e+01 -9.508812991143869908e+00 1.357384284678448960e-01 1.000000000000000000e+00 1.800000000000000000e+01 -1.500000000000000000e+00 -8.750000000000000000e+00 -2.500000000000000000e-01 -2.350255250930786133e-01 1.082048192620277405e-01 1.000000000000000000e+00 3.000000000000000000e+00 1.900000000000000000e+01 1.900000000000000000e+01 0.000000000000000000e+00 1.000000000000000000e+00 1.600000000000000000e+01 3.000000000000000000e+00
1.628273792641207862e+01 -1.010877574260281797e+01 1.374689498371212404e-01 1.000000000000000000e+00 1.900000000000000000e+01 0.000000000000000000e+00 -8.750000000000000000e+00 -2.500000000000000000e-01 -2.242088913917541504e-01 1.098845526576042175e-01 1.000000000000000000e+00 3.000000000000000000e+00 1.900000000000000000e+01 1.900000000000000000e+01 1.100000000000000000e+01 3.000000000000000000e+00 1.600000000000000000e+01 3.000000000000000000e+00
1.832953902997637385e+01 -5.730351421029930670e+00 1.390005416724935383e-01 0.000000000000000000e+00 2.000000000000000000e+01 1.400000000000000000e+01 -7.000000000000000000e+00 -2.500000000000000000e-01 1.334704518318176270e+00 -3.306700289249420166e-01 1.000000000000000000e+00 3.000000000000000000e+00 1.900000000000000000e+01 1.900000000000000000e+01 0.000000000000000000e+00 1.000000000000000000e+00 1.600000000000000000e+01 3.000000000000000000e+00
1.829751732224112715e+01 -8.730168039172728101e+00 1.476531567706520498e-01 1.000000000000000000e+00 2.100000000000000000e+01 7.000000000000000000e+00 -8.500000000000000000e+00 -2.500000000000000000e-01 -4.581587016582489014e-02 1.754211261868476868e-02 1.000000000000000000e+00 3.000000000000000000e+00 1.900000000000000000e+01 1.900000000000000000e+01 0.000000000000000000e+00 1.000000000000000000e+00 1.600000000000000000e+01 3.000000000000000000e+00
1.971448033931394050e+01 -7.145180369974075241e+00 1.529938912960819575e-01 0.000000000000000000e+00 2.200000000000000000e+01 1.500000000000000000e+00 -7.000000000000000000e+00 0.000000000000000000e+00 1.247113108634948730e+00 -3.646220862865447998e-01 1.000000000000000000e+00 1.000000000000000000e+00 1.900000000000000000e+01 1.900000000000000000e+01 0.000000000000000000e+00 1.000000000000000000e+00 1.600000000000000000e+01 3.000000000000000000e+00
1.792171811406212711e+01 1.227494019296775463e+01 8.281822050716319827e-02 0.000000000000000000e+00 2.300000000000000000e+01 -2.500000000000000000e+00 -7.250000000000000000e+00 0.000000000000000000e+00 8.410321474075317383e-01 4.867084324359893799e-01 1.000000000000000000e+00 1.000000000000000000e+00 1.900000000000000000e+01 1.900000000000000000e+01 1.100000000000000000e+01 3.000000000000000000e+00 1.700000000000000000e+01 3.000000000000000000e+00
1.969740209620641735e+01 -8.745082470955297893e+00 1.576086190733739512e-01 3.000000000000000000e+00 2.400000000000000000e+01 0.000000000000000000e+00 -8.500000000000000000e+00 -2.500000000000000000e-01 -5.108884349465370178e-02 1.840064302086830139e-02 1.000000000000000000e+00 3.000000000000000000e+00 2.000000000000000000e+01 1.900000000000000000e+01 0.000000000000000000e+00 1.000000000000000000e+00 1.600000000000000000e+01 3.000000000000000000e+00
1.655172026935228757e+01 1.508968365907347220e+01 6.478698356270823355e-02 3.000000000000000000e+00 2.500000000000000000e+01 0.000000000000000000e+00 -9.000000000000000000e+00 -2.500000000000000000e-01 -5.164734125137329102e-01 -3.911902606487274170e-01 1.000000000000000000e+00 3.000000000000000000e+00 2.000000000000000000e+01 1.900000000000000000e+01 0.000000000000000000e+00 1.000000000000000000e+00 1.700000000000000000e+01 3.000000000000000000e+00
2.011299737556834444e+01 1.145155194564889989e+01 1.007698791125217486e-01 0.000000000000000000e+00 2.600000000000000000e+01 -4.000000000000000000e+00 -7.500000000000000000e+00 0.000000000000000000e+00 7.013106346130371094e-01 3.447619676589965820e-01 1.000000000000000000e+00 1.000000000000000000e+00 2.000000000000000000e+01 1.900000000000000000e+01 4.000000000000000000e+00 3.000000000000000000e+00 1.600000000000000000e+01 3.000000000000000000e+00
2.206586814458611912e+01 7.030514950229065363e+00 1.276824730353518234e-01 1.000000000000000000e+00 2.700000000000000000e+01 1.500000000000000000e+00 -8.500000000000000000e+00 -5.000000000000000000e-01 -2.548223435878753662e-01 -7.210090011358261108e-02 1.000000000000000000e+00 3.000000000000000000e+00 1.900000000000000000e+01 1.900000000000000000e+01 0.000000000000000000e+00 1.000000000000000000e+00 1.600000000000000000e+01 3.000000000000000000e+00
1.835797618457674574e+01 1.567047071542901548e+01 7.585634035932509178e-02 3.000000000000000000e+00 2.800000000000000000e+01 -3.000000000000000000e+00 -9.000000000000000000e+00 -2.500000000000000000e-01 -5.286962985992431641e-01 -3.821032345294952393e-01 1.000000000000000000e+00 3.000000000000000000e+00 1.900000000000000000e+01 1.900000000000000000e+01 4.000000000000000000e+00 3.000000000000000000e+00 1.700000000000000000e+01 3.000000000000000000e+00
2.190217695996716074e+01 1.043243735751192425e+01 1.164539758743791675e-01 1.000000000000000000e+00 2.900000000000000000e+01 -5.000000000000000000e+00 -8.500000000000000000e+00 -5.000000000000000000e-01 -2.892603874206542969e-01 -1.209018006920814514e-01 1.000000000000000000e+00 3.000000000000000000e+00 1.900000000000000000e+01 1.900000000000000000e+01 4.000000000000000000e+00 3.000000000000000000e+00 1.600000000000000000e+01 3.000000000000000000e+00
2.306578611273163659e+01 7.019861781767327891e+00 1.347935194749024235e-01 3.000000000000000000e+00 3.000000000000000000e+01 -4.000000000000000000e+00 -8.500000000000000000e+00 -5.000000000000000000e-01 -2.515128254890441895e-01 -6.850909441709518433e-02 1.000000000000000000e+00 3.000000000000000000e+00 1.900000000000000000e+01 1.900000000000000000e+01 1.100000000000000000e+01 3.000000000000000000e+00 1.600000000000000000e+01 3.000000000000000000e+00
2.560579935538236995e+01 1.392505709460659657e+00 1.694337915262009997e-01 0.000000000000000000e+00 3.100000000000000000e+01 2.950000000000000000e+01 -3.750000000000000000e+00 0.000000000000000000e+00 4.595979690551757812e+00 2.657539546489715576e-01 1.000000000000000000e+00 3.000000000000000000e+00 1.900000000000000000e+01 1.900000000000000000e+01 0.000000000000000000e+00 1.000000000000000000e+00 1.600000000000000000e+01 3.000000000000000000e+00
2.431265360465638992e+01 1.140680862998188161e+01 1.306362795839321189e-01 3.000000000000000000e+00 3.200000000000000000e+01 -2.000000000000000000e+00 -8.500000000000000000e+00 -5.000000000000000000e-01 -2.892383038997650146e-01 -1.208602935075759888e-01 1.000000000000000000e+00 3.000000000000000000e+00 1.900000000000000000e+01 1.900000000000000000e+01 4.000000000000000000e+00 3.000000000000000000e+00 1.600000000000000000e+01 3.000000000000000000e+00
2.643348702244488635e+01 3.983824374599179929e+00 1.676237033181287306e-01 1.000000000000000000e+00 3.300000000000000000e+01 5.000000000000000000e-01 -8.500000000000000000e+00 -5.000000000000000000e-01 -2.038705348968505859e-01 -2.902792207896709442e-02 1.000000000000000000e+00 3.000000000000000000e+00 2.000000000000000000e+01 1.900000000000000000e+01 0.000000000000000000e+00 1.000000000000000000e+00 1.600000000000000000e+01 3.000000000000000000e+00
1.773957485921215849e+01 -2.352500130881090357e+01 1.874949596280108821e-01 1.000000000000000000e+00 3.400000000000000000e+01 0.000000000000000000e+00 -8.750000000000000000e+00 -2.500000000000000000e-01 -6.814613938331604004e-02 7.283509522676467896e-02 1.000000000000000000e+00 3.000000000000000000e+00 2.000000000000000000e+01 2.000000000000000000e+01 0.000000000000000000e+00 1.000000000000000000e+00 1.800000000000000000e+01 3.000000000000000000e+00
2.611463996292124889e+01 1.158762051869812559e+01 1.428593172933998734e-01 3.000000000000000000e+00 3.500000000000000000e+01 -2.500000000000000000e+00 -8.500000000000000000e+00 -5.000000000000000000e-01 -2.853734493255615234e-01 -1.139578446745872498e-01 1.000000000000000000e+00 3.000000000000000000e+00 2.000000000000000000e+01 2.000000000000000000e+01 4.000000000000000000e+00 3.000000000000000000e+00 1.600000000000000000e+01 3.000000000000000000e+00
2.668401919216682572e+01 -1.001958110672137181e+01 2.108469896393730669e-01 1.000000000000000000e+00 3.600000000000000000e+01 0.000000000000000000e+00 -8.750000000000000000e+00 -5.000000000000000000e-01 -2.165597081184387207e-01 6.864800304174423218e-02 1.000000000000000000e+00 3.000000000000000000e+00 1.900000000000000000e+01 1.900000000000000000e+01 1.100000000000000000e+01 3.000000000000000000e+00 1.600000000000000000e+01 3.000000000000000000e+00
2.728397035449257046e+01 -1.002597301186227519e+01 2.151136202157523658e-01 1.000000000000000000e+00 3.700000000000000000e+01 4.500000000000000000e+00 -8.750000000000000000e+00 -5.000000000000000000e-01 -2.199741750955581665e-01 6.838940829038619995e-02 1.000000000000000000e+00 3.000000000000000000e+00 1.900000000000000000e+01 1.900000000000000000e+01 0.000000000000000000e+00 1.000000000000000000e+00 1.600000000000000000e+01 3.000000000000000000e+00
2.824828206176795931e+01 5.364562719849339523e+00 1.763856955384515424e-01 1.000000000000000000e+00 3.800000000000000000e+01 2.000000000000000000e+01 -8.500000000000000000e+00 -5.000000000000000000e-01 -2.181740999221801758e-01 -3.886225819587707520e-02 1.000000000000000000e+00 3.000000000000000000e+00 1.900000000000000000e+01 1.900000000000000000e+01 0.000000000000000000e+00 1.000000000000000000e+00 1.600000000000000000e+01 3.000000000000000000e+00
2.867744887564687417e+01 -1.064085112840050762e+01 2.267995930750981715e-01 1.000000000000000000e+00 3.900000000000000000e+01 -4.000000000000000000e+00 -8.750000000000000000e+00 -5.000000000000000000e-01 -2.171439230442047119e-01 6.860682368278503418e-02 1.000000000000000000e+00 3.000000000000000000e+00 1.900000000000000000e+01 1.900000000000000000e+01 4.000000000000000000e+00 3.000000000000000000e+00 1.600000000000000000e+01 3.000000000000000000e+00
2.539659086840820734e+01 -1.820629586197333794e+01 2.259642092047959294e-01 1.000000000000000000e+00 4.000000000000000000e+01 5.000000000000000000e+00 -8.750000000000000000e+00 -5.000000000000000000e-01 -7.204625010490417480e-02 4.386488720774650574e-02 1.000000000000000000e+00 3.000000000000000000e+00 2.000000000000000000e+01 2.000000000000000000e+01 0.000000000000000000e+00 1.000000000000000000e+00 1.700000000000000000e+01 3.000000000000000000e+00
3.027587014883464889e+01 7.943097833429364485e+00 1.831088542322451274e-01 1.000000000000000000e+00 4.100000000000000000e+01 1.100000000000000000e+01 -8.500000000000000000e+00 -5.000000000000000000e-01 -2.422196418046951294e-01 -5.913008749485015869e-02 1.000000000000000000e+00 3.000000000000000000e+00 1.900000000000000000e+01 1.900000000000000000e+01 0.000000000000000000e+00 1.000000000000000000e+00 1.600000000000000000e+01 3.000000000000000000e+00
3.171989839039709125e+01 -6.673055142928656203e+00 2.365959122628719657e-01 0.000000000000000000e+00 4.200000000000000000e+01 1.450000000000000000e+01 -4.250000000000000000e+00 0.000000000000000000e+00 3.981541872024536133e+00 -7.045987844467163086e-01 1.000000000000000000e+00 3.000000000000000000e+00 1.900000000000000000e+01 1.900000000000000000e+01 0.000000000000000000e+00 1.000000000000000000e+00 1.600000000000000000e+01 3.000000000000000000e+00
3.250702713536276178e+01 -7.881504166742851147e+00 2.457458166048488990e-01 0.000000000000000000e+00 4.300000000000000000e+01 -5.000000000000000000e-01 -4.000000000000000000e+00 0.000000000000000000e+00 4.178215980529785156e+00 -8.608961701393127441e-01 1.000000000000000000e+00 3.000000000000000000e+00 2.000000000000000000e+01 2.000000000000000000e+01 9.000000000000000000e+00 3.000000000000000000e+00 1.600000000000000000e+01 3.000000000000000000e+00
3.272195114211211830e+01 -6.483720250762734061e+00 2.431301168707010185e-01 0.000000000000000000e+00 4.400000000000000000e+01 8.000000000000000000e+00 -4.250000000000000000e+00 0.000000000000000000e+00 3.995471239089965820e+00 -6.659118533134460449e-01 1.000000000000000000e+00 3.000000000000000000e+00 2.000000000000000000e+01 2.000000000000000000e+01 1.100000000000000000e+01 3.000000000000000000e+00 1.600000000000000000e+01 3.000000000000000000e+00
3.390691000213588779e+01 -7.896418578206115590e+00 2.557012653443261341e-01 0.000000000000000000e+00 4.500000000000000000e+01 1.650000000000000000e+01 -4.250000000000000000e+00 0.000000000000000000e+00 3.950253009796142578e+00 -7.837803959846496582e-01 1.000000000000000000e+00 3.000000000000000000e+00 1.900000000000000000e+01 1.900000000000000000e+01 0.000000000000000000e+00 1.000000000000000000e+00 1.600000000000000000e+01 3.000000000000000000e+00
3.514523837505173276e+01 -4.309422542078167773e+00 2.538513886543537490e-01 0.000000000000000000e+00 4.600000000000000000e+01 2.050000000000000000e+01 2.500000000000000000e+00 0.000000000000000000e+00 1.075040435791015625e+01 -1.075040459632873535e+00 1.000000000000000000e+00 3.000000000000000000e+00 1.900000000000000000e+01 1.900000000000000000e+01 0.000000000000000000e+00 1.000000000000000000e+00 1.600000000000000000e+01 3.000000000000000000e+00
3.491323231081050693e+01 -7.307108518400895036e+00 2.610817890393042351e-01 0.000000000000000000e+00 4.700000000000000000e+01 1.300000000000000000e+01 -4.250000000000000000e+00 0.000000000000000000e+00 3.980334043502807617e+00 -7.078429460525512695e-01 1.000000000000000000e+00 3.000000000000000000e+00 1.900000000000000000e+01 1.900000000000000000e+01 1.100000000000000000e+01 3.000000000000000000e+00 1.600000000000000000e+01 3.000000000000000000e+00
3.335034137132011978e+01 1.491071043704401156e+01 1.842525583218604102e-01 0.000000000000000000e+00 4.800000000000000000e+01 4.500000000000000000e+00 3.000000000000000000e+00 0.000000000000000000e+00 9.708930015563964844e+00 4.014773845672607422e+00 1.000000000000000000e+00 1.000000000000000000e+00 1.900000000000000000e+01 2.000000000000000000e+01 0.000000000000000000e+00 1.000000000000000000e+00 1.600000000000000000e+01 3.000000000000000000e+00
3.614088678114794106e+01 -4.720051354987213621e+00 2.621161173820513168e-01 0.000000000000000000e+00 4.900000000000000000e+01 1.000000000000000000e+01 2.500000000000000000e+00 0.000000000000000000e+00 1.073370361328125000e+01 -1.153873205184936523e+00 1.000000000000000000e+00 3.000000000000000000e+00 1.900000000000000000e+01 1.900000000000000000e+01 1.100000000000000000e+01 3.000000000000000000e+00 1.600000000000000000e+01 3.000000000000000000e+00
3.630244508938955761e+01 -8.321961843217037469e+00 2.739214699379903251e-01 0.000000000000000000e+00 5.000000000000000000e+01 1.800000000000000000e+01 -4.250000000000000000e+00 0.000000000000000000e+00 3.953139781951904297e+00 -7.768607735633850098e-01 1.000000000000000000e+00 3.000000000000000000e+00 1.900000000000000000e+01 1.900000000000000000e+01 0.000000000000000000e+00 1.000000000000000000e+00 1.600000000000000000e+01 3.000000000000000000e+00
3.665826842252246109e+01 6.275014961229568478e+00 2.332342914485527885e-01 1.000000000000000000e+00 5.100000000000000000e+01 1.100000000000000000e+01 -8.500000000000000000e+00 -5.000000000000000000e-01 -2.133543640375137329e-01 -3.538302704691886902e-02 1.000000000000000000e+00 3.000000000000000000e+00 1.900000000000000000e+01 1.900000000000000000e+01 0.000000000000000000e+00 1.000000000000000000e+00 1.600000000000000000e+01 3.000000000000000000e+00
3.750448219761055668e+01 -8.134757592871185494e+00 2.818778892590273477e-01 0.000000000000000000e+00 5.200000000000000000e+01 3.500000000000000000e+00 -4.250000000000000000e+00 0.000000000000000000e+00 3.968746900558471680e+00 -7.381485104560852051e-01 1.000000000000000000e+00 3.000000000000000000e+00 1.900000000000000000e+01 1.900000000000000000e+01 1.100000000000000000e+01 3.000000000000000000e+00 1.600000000000000000e+01 3.000000000000000000e+00
1.357339008197616792e+01 -3.908143733798495134e+01 2.040443789816541453e-01 4.000000000000000000e+00 5.300000000000000000e+01 1.600000000000000000e+01 0.000000000000000000e+00 0.000000000000000000e+00 1.439155817031860352e+00 -3.145121812820434570e+00 1.000000000000000000e+00 0.000000000000000000e+00 0.000000000000000000e+00 0.000000000000000000e+00 7.000000000000000000e+00 6.000000000000000000e+00 0.000000000000000000e+00 0.000000000000000000e+00
3.397667273904163210e+01 -2.009780423003304151e+01 2.923107836571858242e-01 3.000000000000000000e+00 5.400000000000000000e+01 -1.500000000000000000e+00 -8.750000000000000000e+00 -5.000000000000000000e-01 -1.119160428643226624e-01 5.801963433623313904e-02 1.000000000000000000e+00 3.000000000000000000e+00 2.000000000000000000e+01 2.000000000000000000e+01 4.000000000000000000e+00 3.000000000000000000e+00 1.600000000000000000e+01 3.000000000000000000e+00
3.616581912926022824e+01 -2.112118008149085213e+01 3.108392962822145722e-01 3.000000000000000000e+00 5.500000000000000000e+01 0.000000000000000000e+00 -8.750000000000000000e+00 -5.000000000000000000e-01 -1.135569065809249878e-01 5.847332999110221863e-02 1.000000000000000000e+00 3.000000000000000000e+00 2.000000000000000000e+01 2.000000000000000000e+01 4.000000000000000000e+00 3.000000000000000000e+00 1.600000000000000000e+01 3.000000000000000000e+00
4.139596527357066691e+01 4.242344658810162095e-01 2.840956976415172641e-01 1.000000000000000000e+00 5.600000000000000000e+01 9.000000000000000000e+00 -8.500000000000000000e+00 -5.000000000000000000e-01 -1.493760049343109131e-01 -2.974300878122448921e-03 1.000000000000000000e+00 3.000000000000000000e+00 1.900000000000000000e+01 1.900000000000000000e+01 0.000000000000000000e+00 1.000000000000000000e+00 1.600000000000000000e+01 3.000000000000000000e+00
4.337018384392798254e+01 -1.996925141716294760e+00 3.052398825303804797e-01 1.000000000000000000e+00 5.700000000000000000e+01 1.600000000000000000e+01 -8.500000000000000000e+00 -7.500000000000000000e-01 -1.166531220078468323e-01 3.707196796312928200e-03 1.000000000000000000e+00 3.000000000000000000e+00 1.900000000000000000e+01 1.900000000000000000e+01 0.000000000000000000e+00 1.000000000000000000e+00 1.600000000000000000e+01 3.000000000000000000e+00
4.456368182805037037e+01 -2.609672180265059094e+00 3.155036664277115488e-01 1.000000000000000000e+00 5.800000000000000000e+01 -5.000000000000000000e-01 -8.500000000000000000e+00 -7.500000000000000000e-01 -1.081140339374542236e-01 4.690898116677999496e-03 1.000000000000000000e+00 3.000000000000000000e+00 1.900000000000000000e+01 2.000000000000000000e+01 1.100000000000000000e+01 3.000000000000000000e+00 1.600000000000000000e+01 3.000000000000000000e+00
4.443841478959330971e+01 4.392030570554870117e+00 2.938920164854670336e-01 3.000000000000000000e+00 5.900000000000000000e+01 -2.500000000000000000e+00 -8.250000000000000000e+00 -7.500000000000000000e-01 3.568808734416961670e-02 3.628042060881853104e-03 1.000000000000000000e+00 3.000000000000000000e+00 1.900000000000000000e+01 1.900000000000000000e+01 9.000000000000000000e+00 3.000000000000000000e+00 1.600000000000000000e+01 3.000000000000000000e+00
4.240160257969299806e+01 -1.778743604106720611e+01 3.451214881205322271e-01 1.000000000000000000e+00 6.000000000000000000e+01 -1.000000000000000000e+00 -8.750000000000000000e+00 -7.500000000000000000e-01 -1.039495766162872314e-01 3.875705972313880920e-02 1.000000000000000000e+00 3.000000000000000000e+00 2.000000000000000000e+01 2.100000000000000000e+01 4.000000000000000000e+00 3.000000000000000000e+00 1.600000000000000000e+01 3.000000000000000000e+00
4.663396552034100750e+01 3.968617947364017962e+00 3.106900063659232547e-01 0.000000000000000000e+00 6.100000000000000000e+01 -2.500000000000000000e+00 1.000000000000000000e+00 0.000000000000000000e+00 9.287988662719726562e+00 8.292846679687500000e-01 1.000000000000000000e+00 1.000000000000000000e+00 1.900000000000000000e+01 1.900000000000000000e+01 4.000000000000000000e+00 3.000000000000000000e+00 1.600000000000000000e+01 3.000000000000000000e+00
4.338871185660087804e+01 -1.899801661967887867e+01 3.556935827998199962e-01 1.000000000000000000e+00 6.200000000000000000e+01 7.000000000000000000e+00 -8.750000000000000000e+00 -7.500000000000000000e-01 -9.172086417675018311e-02 3.579822927713394165e-02 1.000000000000000000e+00 3.000000000000000000e+00 1.900000000000000000e+01 1.900000000000000000e+01 0.000000000000000000e+00 1.000000000000000000e+00 1.600000000000000000e+01 3.000000000000000000e+00
4.764242261258514333e+01 4.757916067796897686e+00 3.154936882291797806e-01 1.000000000000000000e+00 6.300000000000000000e+01 1.000000000000000000e+01 -8.500000000000000000e+00 -7.500000000000000000e-01 -2.127399295568466187e-01 -2.193621732294559479e-02 1.000000000000000000e+00 3.000000000000000000e+00 1.900000000000000000e+01 1.900000000000000000e+01 0.000000000000000000e+00 1.000000000000000000e+00 1.600000000000000000e+01 3.000000000000000000e+00
4.768229461603053210e+01 -1.024329762409854361e+01 3.601789513066909199e-01 0.000000000000000000e+00 6.400000000000000000e+01 -3.500000000000000000e+00 -3.500000000000000000e+00 0.000000000000000000e+00 4.690247535705566406e+00 -8.816937804222106934e-01 1.000000000000000000e+00 3.000000000000000000e+00 2.000000000000000000e+01 2.000000000000000000e+01 4.000000000000000000e+00 3.000000000000000000e+00 1.600000000000000000e+01 3.000000000000000000e+00
4.859751018811991230e+01 5.475194670524410334e-01 3.347183962875059371e-01 0.000000000000000000e+00 6.500000000000000000e+01 2.500000000000000000e+00 -7.500000000000000000e+00 -7.500000000000000000e-01 8.444278836250305176e-01 1.772653870284557343e-02 1.000000000000000000e+00 3.000000000000000000e+00 2.000000000000000000e+01 2.100000000000000000e+01 0.000000000000000000e+00 1.000000000000000000e+00 1.600000000000000000e+01 3.000000000000000000e+00
4.864661013769025999e+01 5.147238066974458626e+00 3.214510537558795122e-01 1.000000000000000000e+00 6.600000000000000000e+01 -1.500000000000000000e+00 -8.500000000000000000e+00 -7.500000000000000000e-01 -2.165646702051162720e-01 -2.355760708451271057e-02 1.000000000000000000e+00 3.000000000000000000e+00 1.900000000000000000e+01 2.000000000000000000e+01 1.100000000000000000e+01 3.000000000000000000e+00 1.600000000000000000e+01 3.000000000000000000e+00
4.698124590990124716e+01 1.776564302674660922e+01 2.723101667015865313e-01 3.000000000000000000e+00 6.700000000000000000e+01 -3.500000000000000000e+00 -8.250000000000000000e+00 -7.500000000000000000e-01 -1.355504840612411499e-01 -4.902319982647895813e-02 1.000000000000000000e+00 3.000000000000000000e+00 2.000000000000000000e+01 2.100000000000000000e+01 4.000000000000000000e+00 3.000000000000000000e+00 1.600000000000000000e+01 3.000000000000000000e+00
4.493307477832865970e+01 -2.421474457396921309e+01 3.820691146231204316e-01 1.000000000000000000e+00 6.800000000000000000e+01 4.500000000000000000e+00 -8.750000000000000000e+00 -7.500000000000000000e-01 -3.054734319448471069e-02 1.477493997663259506e-02 1.000000000000000000e+00 3.000000000000000000e+00 1.900000000000000000e+01 1.900000000000000000e+01 0.000000000000000000e+00 1.000000000000000000e+00 1.600000000000000000e+01 3.000000000000000000e+00
5.139514495502584168e+01 3.177027812636456505e-01 3.552061620370232098e-01 0.000000000000000000e+00 6.900000000000000000e+01 -5.000000000000000000e-01 -7.500000000000000000e+00 0.000000000000000000e+00 8.602132201194763184e-01 1.402521412819623947e-02 1.000000000000000000e+00 1.000000000000000000e+00 2.000000000000000000e+01 2.000000000000000000e+01 4.000000000000000000e+00 3.000000000000000000e+00 1.600000000000000000e+01 3.000000000000000000e+00
5.090833525309363239e+01 1.092344678133547120e+01 3.203669444818077472e-01 0.000000000000000000e+00 7.000000000000000000e+01 5.000000000000000000e+00 -3.750000000000000000e+00 0.000000000000000000e+00 4.418654441833496094e+00 9.306690096855163574e-01 1.000000000000000000e+00 2.000000000000000000e+00 1.900000000000000000e+01 1.900000000000000000e+01 0.000000000000000000e+00 1.000000000000000000e+00 1.600000000000000000e+01 3.000000000000000000e+00
5.263987766974322113e+01 4.504662164860552487e+00 3.516257622586543841e-01 1.000000000000000000e+00 7.100000000000000000e+01 4.500000000000000000e+00 -8.500000000000000000e+00 -7.500000000000000000e-01 -2.040946632623672485e-01 -1.845536939799785614e-02 1.000000000000000000e+00 3.000000000000000000e+00 1.900000000000000000e+01 1.900000000000000000e+01 0.000000000000000000e+00 1.000000000000000000e+00 1.600000000000000000e+01 3.000000000000000000e+00
5.291671031348328569e+01 1.170209173330661478e+01 3.322816727846148455e-01 1.000000000000000000e+00 7.200000000000000000e+01 2.050000000000000000e+01 -8.500000000000000000e+00 -7.500000000000000000e-01 -2.847192287445068359e-01 -6.187361478805541992e-02 1.000000000000000000e+00 3.000000000000000000e+00 1.900000000000000000e+01 1.900000000000000000e+01 0.000000000000000000e+00 1.000000000000000000e+00 1.600000000000000000e+01 3.000000000000000000e+00
5.471656570765269123e+01 1.168291599756459753e+01 3.450815780769974084e-01 1.000000000000000000e+00 7.300000000000000000e+01 5.000000000000000000e+00 -8.500000000000000000e+00 -7.500000000000000000e-01 -2.808307707309722900e-01 -5.914757773280143738e-02 1.000000000000000000e+00 3.000000000000000000e+00 1.900000000000000000e+01 1.900000000000000000e+01 1.100000000000000000e+01 3.000000000000000000e+00 1.600000000000000000e+01 3.000000000000000000e+00
5.547807326593816413e+01 8.074613147705166583e+00 3.611535490213671484e-01 1.000000000000000000e+00 7.400000000000000000e+01 2.500000000000000000e+00 -8.500000000000000000e+00 -7.500000000000000000e-01 -2.417117953300476074e-01 -3.552183136343955994e-02 1.000000000000000000e+00 3.000000000000000000e+00 1.900000000000000000e+01 2.000000000000000000e+01 0.000000000000000000e+00 1.000000000000000000e+00 1.600000000000000000e+01 3.000000000000000000e+00
5.436783172905303019e+01 1.648688406095641668e+01 3.283929639434093883e-01 3.000000000000000000e+00 7.500000000000000000e+01 -2.000000000000000000e+00 -8.000000000000000000e+00 -7.500000000000000000e-01 1.337607204914093018e-01 3.943634778261184692e-02 1.000000000000000000e+00 3.000000000000000000e+00 1.900000000000000000e+01 2.000000000000000000e+01 4.000000000000000000e+00 3.000000000000000000e+00 1.600000000000000000e+01 3.000000000000000000e+00
5.554425145988846424e+01 1.427423396781040843e+01 3.432714783686247051e-01 3.000000000000000000e+00 7.600000000000000000e+01 2.500000000000000000e+00 -8.500000000000000000e+00 -7.500000000000000000e-01 -3.039437234401702881e-01 -7.649934291839599609e-02 1.000000000000000000e+00 3.000000000000000000e+00 2.100000000000000000e+01 2.100000000000000000e+01 9.000000000000000000e+00 3.000000000000000000e+00 1.600000000000000000e+01 3.000000000000000000e+00
5.749071788328741661e+01 9.253233267315605914e+00 3.719145964113234060e-01 1.000000000000000000e+00 7.700000000000000000e+01 1.050000000000000000e+01 -8.500000000000000000e+00 -7.500000000000000000e-01 -2.511415183544158936e-01 -4.062582924962043762e-02 1.000000000000000000e+00 3.000000000000000000e+00 1.900000000000000000e+01 2.000000000000000000e+01 9.000000000000000000e+00 3.000000000000000000e+00 1.600000000000000000e+01 3.000000000000000000e+00
5.910339379780414504e+01 1.043611562418220728e+01 3.798312116242714143e-01 3.000000000000000000e+00 7.800000000000000000e+01 1.000000000000000000e+00 -8.500000000000000000e+00 -7.500000000000000000e-01 -2.604894638061523438e-01 -4.604193195700645447e-02 1.000000000000000000e+00 3.000000000000000000e+00 1.900000000000000000e+01 2.000000000000000000e+01 9.000000000000000000e+00 3.000000000000000000e+00 1.600000000000000000e+01 3.000000000000000000e+00
6.126265325876727985e+01 6.612910738401249766e+00 4.064354988910331423e-01 1.000000000000000000e+00 7.900000000000000000e+01 1.750000000000000000e+01 -8.500000000000000000e+00 -7.500000000000000000e-01 -2.189357280731201172e-01 -2.458816580474376678e-02 1.000000000000000000e+00 3.000000000000000000e+00 1.900000000000000000e+01 2.000000000000000000e+01 0.000000000000000000e+00 1.000000000000000000e+00 1.600000000000000000e+01 3.000000000000000000e+00
6.187754597343887752e+01 8.006432893933215666e+00 4.066642299585973563e-01 1.000000000000000000e+00 8.000000000000000000e+01 9.500000000000000000e+00 -8.500000000000000000e+00 -1.000000000000000000e+00 -2.649860382080078125e-01 -3.514296188950538635e-02 1.000000000000000000e+00 3.000000000000000000e+00 1.900000000000000000e+01 2.000000000000000000e+01 1.100000000000000000e+01 3.000000000000000000e+00 1.600000000000000000e+01 3.000000000000000000e+00
6.288173350872340706e+01 8.395755846726798310e+00 4.126215927347047785e-01 1.000000000000000000e+00 8.100000000000000000e+01 9.000000000000000000e+00 -8.500000000000000000e+00 -1.000000000000000000e+00 -2.685596346855163574e-01 -3.669508546590805054e-02 1.000000000000000000e+00 3.000000000000000000e+00 1.900000000000000000e+01 2.000000000000000000e+01 0.000000000000000000e+00 1.000000000000000000e+00 1.600000000000000000e+01 3.000000000000000000e+00
6.159925975592853575e+01 1.940999789868559589e+01 3.709398615088236872e-01 3.000000000000000000e+00 8.200000000000000000e+01 -4.000000000000000000e+00 -8.250000000000000000e+00 -1.000000000000000000e+00 -1.748614609241485596e-01 -5.390668287873268127e-02 1.000000000000000000e+00 3.000000000000000000e+00 2.100000000000000000e+01 2.100000000000000000e+01 4.000000000000000000e+00 3.000000000000000000e+00 1.600000000000000000e+01 3.000000000000000000e+00
6.390086449336654795e+01 1.018499188625792229e+01 4.145410723158340915e-01 3.000000000000000000e+00 8.300000000000000000e+01 -5.000000000000000000e+00 -8.500000000000000000e+00 -1.000000000000000000e+00 -2.901015579700469971e-01 -4.677673429250717163e-02 1.000000000000000000e+00 3.000000000000000000e+00 2.000000000000000000e+01 2.100000000000000000e+01 1.100000000000000000e+01 3.000000000000000000e+00 1.600000000000000000e+01 3.000000000000000000e+00
6.632773246505668396e+01 -6.041715882735047671e+00 4.797539031880073690e-01 0.000000000000000000e+00 8.400000000000000000e+01 1.500000000000000000e+00 -7.500000000000000000e-01 0.000000000000000000e+00 7.565319538116455078e+00 -5.711708664894104004e-01 1.000000000000000000e+00 3.000000000000000000e+00 1.900000000000000000e+01 2.000000000000000000e+01 0.000000000000000000e+00 1.000000000000000000e+00 1.600000000000000000e+01 3.000000000000000000e+00
6.496482587698255884e+01 1.617397195408177879e+01 4.043468885590676409e-01 1.000000000000000000e+00 8.500000000000000000e+01 8.000000000000000000e+00 -8.250000000000000000e+00 -1.000000000000000000e+00 -1.234129890799522400e-01 -3.040349110960960388e-02 1.000000000000000000e+00 3.000000000000000000e+00 1.900000000000000000e+01 2.000000000000000000e+01 0.000000000000000000e+00 1.000000000000000000e+00 1.600000000000000000e+01 3.000000000000000000e+00
6.846846391843665458e+01 7.136171186254590459e+00 4.559044888100334814e-01 1.000000000000000000e+00 8.600000000000000000e+01 2.500000000000000000e+00 -8.500000000000000000e+00 -1.000000000000000000e+00 -2.440267056226730347e-01 -2.670098282396793365e-02 1.000000000000000000e+00 3.000000000000000000e+00 2.000000000000000000e+01 2.100000000000000000e+01 0.000000000000000000e+00 1.000000000000000000e+00 1.600000000000000000e+01 3.000000000000000000e+00
6.601811335802017311e+01 2.116301314919137155e+01 3.970369098350207682e-01 1.000000000000000000e+00 8.700000000000000000e+01 2.050000000000000000e+01 -8.250000000000000000e+00 -1.000000000000000000e+00 -1.799038201570510864e-01 -5.660766363143920898e-02 1.000000000000000000e+00 3.000000000000000000e+00 1.900000000000000000e+01 2.000000000000000000e+01 0.000000000000000000e+00 1.000000000000000000e+00 1.600000000000000000e+01 3.000000000000000000e+00
6.925063427296453256e+01 -1.327323508093976834e+01 5.218533181921212183e-01 0.000000000000000000e+00 8.800000000000000000e+01 -5.000000000000000000e+00 -2.250000000000000000e+00 0.000000000000000000e+00 5.933346748352050781e+00 -1.013208031654357910e+00 1.000000000000000000e+00 1.000000000000000000e+00 2.000000000000000000e+01 2.100000000000000000e+01 4.000000000000000000e+00 3.000000000000000000e+00 1.600000000000000000e+01 3.000000000000000000e+00
7.026191497207695136e+01 6.517032222245616069e+00 4.704349168469885711e-01 1.000000000000000000e+00 8.900000000000000000e+01 2.000000000000000000e+00 -8.500000000000000000e+00 -1.000000000000000000e+00 -2.341348081827163696e-01 -2.309708297252655029e-02 1.000000000000000000e+00 3.000000000000000000e+00 2.000000000000000000e+01 2.100000000000000000e+01 1.100000000000000000e+01 3.000000000000000000e+00 1.600000000000000000e+01 3.000000000000000000e+00
6.673982866968647443e+01 -2.364703143643533423e+01 5.347825813796286409e-01 1.000000000000000000e+00 9.000000000000000000e+01 1.250000000000000000e+01 -8.750000000000000000e+00 -1.000000000000000000e+00 -6.654885411262512207e-02 2.152498066425323486e-02 1.000000000000000000e+00 3.000000000000000000e+00 1.900000000000000000e+01 1.900000000000000000e+01 0.000000000000000000e+00 1.000000000000000000e+00 1.600000000000000000e+01 3.000000000000000000e+00
7.111735668947272870e+01 1.170819160235631351e+01 4.611259100797975852e-01 3.000000000000000000e+00 9.100000000000000000e+01 4.500000000000000000e+00 -8.500000000000000000e+00 -1.000000000000000000e+00 -2.951434850692749023e-01 -4.932210221886634827e-02 1.000000000000000000e+00 3.000000000000000000e+00 1.900000000000000000e+01 2.000000000000000000e+01 0.000000000000000000e+00 1.000000000000000000e+00 1.600000000000000000e+01 3.000000000000000000e+00
6.729487160376412191e+01 2.834978994470647962e+01 3.848039196782145344e-01 3.000000000000000000e+00 9.200000000000000000e+01 5.000000000000000000e-01 -8.250000000000000000e+00 -1.000000000000000000e+00 -2.497800588607788086e-01 -1.026638299226760864e-01 1.000000000000000000e+00 3.000000000000000000e+00 2.000000000000000000e+01 2.100000000000000000e+01 9.000000000000000000e+00 3.000000000000000000e+00 1.600000000000000000e+01 3.000000000000000000e+00
7.301258838100424953e+01 1.887484360513837389e+00 5.036132121420202612e-01 1.000000000000000000e+00 9.300000000000000000e+01 5.000000000000000000e-01 -8.500000000000000000e+00 -1.000000000000000000e+00 -1.740891039371490479e-01 -6.120320409536361694e-03 1.000000000000000000e+00 3.000000000000000000e+00 1.900000000000000000e+01 2.100000000000000000e+01 0.000000000000000000e+00 1.000000000000000000e+00 1.600000000000000000e+01 3.000000000000000000e+00
7.361680719564226649e+01 2.281067881735543423e+00 5.067261475546559479e-01 1.000000000000000000e+00 9.400000000000000000e+01 2.000000000000000000e+00 -8.500000000000000000e+00 -1.000000000000000000e+00 -1.788052171468734741e-01 -7.161448709666728973e-03 1.000000000000000000e+00 3.000000000000000000e+00 1.900000000000000000e+01 2.000000000000000000e+01 0.000000000000000000e+00 1.000000000000000000e+00 1.600000000000000000e+01 3.000000000000000000e+00
7.496972870698161273e+01 -2.133577467266699390e+00 5.293721251519994953e-01 1.000000000000000000e+00 9.500000000000000000e+01 1.500000000000000000e+01 -8.500000000000000000e+00 -1.000000000000000000e+00 -1.237415000796318054e-01 2.041420666500926018e-03 1.000000000000000000e+00 3.000000000000000000e+00 1.900000000000000000e+01 2.000000000000000000e+01 0.000000000000000000e+00 1.000000000000000000e+00 1.600000000000000000e+01 3.000000000000000000e+00
7.604863355268049929e+01 5.255316879314726464e+00 5.151400547620146320e-01 0.000000000000000000e+00 9.600000000000000000e+01 3.500000000000000000e+00 7.500000000000000000e-01 0.000000000000000000e+00 9.058818817138671875e+00 6.924660801887512207e-01 1.000000000000000000e+00 1.000000000000000000e+00 2.000000000000000000e+01 2.100000000000000000e+01 0.000000000000000000e+00 1.000000000000000000e+00 1.600000000000000000e+01 3.000000000000000000e+00
7.573763679395671033e+01 -5.141916809816556189e+00 5.437135455376592708e-01 3.000000000000000000e+00 9.700000000000000000e+01 2.500000000000000000e+00 -8.500000000000000000e+00 -1.000000000000000000e+00 -8.681638538837432861e-02 4.689829889684915543e-03 1.000000000000000000e+00 3.000000000000000000e+00 1.900000000000000000e+01 2.100000000000000000e+01 1.100000000000000000e+01 3.000000000000000000e+00 1.600000000000000000e+01 3.000000000000000000e+00
7.024346670605086729e+01 -3.268483268107053874e+01 5.863401830058905251e-01 1.000000000000000000e+00 9.800000000000000000e+01 2.500000000000000000e+00 -8.750000000000000000e+00 -1.000000000000000000e+00 2.492864243686199188e-02 -1.068848930299282074e-02 1.000000000000000000e+00 3.000000000000000000e+00 2.000000000000000000e+01 2.100000000000000000e+01 0.000000000000000000e+00 1.000000000000000000e+00 1.600000000000000000e+01 3.000000000000000000e+00
7.667633495350001738e+01 7.848765968188617492e+00 5.119077389651377485e-01 3.000000000000000000e+00 9.900000000000000000e+01 4.000000000000000000e+00 -8.500000000000000000e+00 -1.000000000000000000e+00 -2.429214119911193848e-01 -2.628627233207225800e-02 1.000000000000000000e+00 3.000000000000000000e+00 1.900000000000000000e+01 2.000000000000000000e+01 0.000000000000000000e+00 1.000000000000000000e+00 1.600000000000000000e+01 3.000000000000000000e+00
7.814811534838297291e+01 -4.167545319261899195e+00 5.578958621228089498e-01 3.000000000000000000e+00 1.000000000000000000e+02 7.000000000000000000e+00 -8.500000000000000000e+00 -1.000000000000000000e+00 -1.003836989402770996e-01 4.039831925183534622e-03 1.000000000000000000e+00 3.000000000000000000e+00 1.900000000000000000e+01 2.100000000000000000e+01 9.000000000000000000e+00 3.000000000000000000e+00 1.600000000000000000e+01 3.000000000000000000e+00
7.858932608012430876e+01 1.842894179232542839e+01 4.941350183080701619e-01 3.000000000000000000e+00 1.010000000000000000e+02 8.000000000000000000e+00 -8.250000000000000000e+00 -1.000000000000000000e+00 -1.133439764380455017e-01 -2.661239169538021088e-02 1.000000000000000000e+00 3.000000000000000000e+00 1.900000000000000000e+01 2.000000000000000000e+01 0.000000000000000000e+00 1.000000000000000000e+00 1.600000000000000000e+01 3.000000000000000000e+00
7.977001920266251034e+01 1.661626873341214861e+01 5.078598734457394626e-01 3.000000000000000000e+00 1.020000000000000000e+02 -1.500000000000000000e+00 -8.250000000000000000e+00 -1.000000000000000000e+00 -9.116108715534210205e-02 -1.912852562963962555e-02 1.000000000000000000e+00 3.000000000000000000e+00 2.000000000000000000e+01 2.100000000000000000e+01 1.100000000000000000e+01 3.000000000000000000e+00 1.600000000000000000e+01 3.000000000000000000e+00
7.648565066735925200e+01 -2.875112680216534855e+01 6.188918290990347293e-01 3.000000000000000000e+00 1.030000000000000000e+02 1.500000000000000000e+00 -9.000000000000000000e+00 -1.000000000000000000e+00 -2.690587341785430908e-01 9.313570708036422729e-02 1.000000000000000000e+00 3.000000000000000000e+00 2.000000000000000000e+01 2.100000000000000000e+01 0.000000000000000000e+00 1.000000000000000000e+00 1.600000000000000000e+01 3.000000000000000000e+00
8.300109415988100636e+01 7.810138031822009275e-01 5.776078815702457847e-01 3.000000000000000000e+00 1.040000000000000000e+02 2.500000000000000000e+00 -8.500000000000000000e+00 -1.250000000000000000e+00 -1.639053225517272949e-01 -3.210127353668212891e-03 1.000000000000000000e+00 3.000000000000000000e+00 2.000000000000000000e+01 2.200000000000000000e+01 0.000000000000000000e+00 1.000000000000000000e+00 1.600000000000000000e+01 3.000000000000000000e+00
8.497958229037899969e+01 -1.240170338770805625e+00 5.975983846866980143e-01 3.000000000000000000e+00 1.050000000000000000e+02 6.500000000000000000e+00 -8.500000000000000000e+00 -1.250000000000000000e+00 -1.357621848583221436e-01 4.586560535244643688e-04 1.000000000000000000e+00 3.000000000000000000e+00 1.900000000000000000e+01 2.100000000000000000e+01 0.000000000000000000e+00 1.000000000000000000e+00 1.600000000000000000e+01 3.000000000000000000e+00
8.187659416473771046e+01 2.659435112363133058e+01 4.932399159976456060e-01 3.000000000000000000e+00 1.060000000000000000e+02 1.200000000000000000e+01 -8.250000000000000000e+00 -1.250000000000000000e+00 -2.586008310317993164e-01 -8.327310532331466675e-02 1.000000000000000000e+00 3.000000000000000000e+00 2.000000000000000000e+01 2.100000000000000000e+01 0.000000000000000000e+00 1.000000000000000000e+00 1.600000000000000000e+01 3.000000000000000000e+00
8.737084018872330660e+01 -2.065688988148806970e+00 6.169722167997944151e-01 3.000000000000000000e+00 1.070000000000000000e+02 2.050000000000000000e+01 -8.500000000000000000e+00 -1.250000000000000000e+00 -1.250811368227005005e-01 1.508654211647808552e-03 1.000000000000000000e+00 3.000000000000000000e+00 1.900000000000000000e+01 2.000000000000000000e+01 0.000000000000000000e+00 1.000000000000000000e+00 1.600000000000000000e+01 3.000000000000000000e+00
8.834727557195978420e+01 -4.276207605060727168e+00 6.304285141050334218e-01 3.000000000000000000e+00 1.080000000000000000e+02 1.900000000000000000e+01 -8.500000000000000000e+00 -1.250000000000000000e+00 -9.582975506782531738e-02 3.429915290325880051e-03 1.000000000000000000e+00 3.000000000000000000e+00 1.900000000000000000e+01 2.000000000000000000e+01 1.100000000000000000e+01 3.000000000000000000e+00 1.600000000000000000e+01 3.000000000000000000e+00
8.491485004461137009e+01 -2.604078535279225903e+01 6.705488581507147439e-01 3.000000000000000000e+00 1.090000000000000000e+02 4.500000000000000000e+00 -8.750000000000000000e+00 -1.250000000000000000e+00 -4.032092913985252380e-02 1.137140858918428421e-02 1.000000000000000000e+00 3.000000000000000000e+00 2.100000000000000000e+01 2.200000000000000000e+01 0.000000000000000000e+00 1.000000000000000000e+00 1.600000000000000000e+01 3.000000000000000000e+00
8.743770720724481293e+01 2.293491307328328332e+01 5.434449044265602380e-01 3.000000000000000000e+00 1.100000000000000000e+02 8.500000000000000000e+00 -8.250000000000000000e+00 -1.250000000000000000e+00 -1.987776160240173340e-01 -5.220642685890197754e-02 1.000000000000000000e+00 3.000000000000000000e+00 1.900000000000000000e+01 2.100000000000000000e+01 0.000000000000000000e+00 1.000000000000000000e+00 1.600000000000000000e+01 3.000000000000000000e+00
9.018555701502974387e+01 -6.956034347919883842e-01 6.328452813827729617e-01 3.000000000000000000e+00 1.110000000000000000e+02 1.500000000000000000e+01 -8.500000000000000000e+00 -1.250000000000000000e+00 -1.438318043947219849e-01 -4.590376629494130611e-04 1.000000000000000000e+00 3.000000000000000000e+00 1.900000000000000000e+01 2.100000000000000000e+01 0.000000000000000000e+00 1.000000000000000000e+00 1.600000000000000000e+01 3.000000000000000000e+00
9.118974454395215901e+01 -3.062810780084195827e-01 6.388026458780006189e-01 3.000000000000000000e+00 1.120000000000000000e+02 7.000000000000000000e+00 -8.500000000000000000e+00 -1.250000000000000000e+00 -1.489553749561309814e-01 -1.097565866075456142e-03 1.000000000000000000e+00 3.000000000000000000e+00 1.900000000000000000e+01 2.100000000000000000e+01 1.100000000000000000e+01 3.000000000000000000e+00 1.600000000000000000e+01 3.000000000000000000e+00
9.220460597481674370e+01 1.082980091888413154e+00 6.418758055124207385e-01 3.000000000000000000e+00 1.130000000000000000e+02 2.500000000000000000e+00 -8.500000000000000000e+00 -1.250000000000000000e+00 -1.667002588510513306e-01 -3.646567929536104202e-03 1.000000000000000000e+00 3.000000000000000000e+00 2.000000000000000000e+01 2.200000000000000000e+01 1.100000000000000000e+01 3.000000000000000000e+00 1.600000000000000000e+01 3.000000000000000000e+00
8.927812344342750350e+01 2.671550619819469929e+01 5.452848272938980445e-01 3.000000000000000000e+00 1.140000000000000000e+02 2.000000000000000000e+00 -8.250000000000000000e+00 -1.250000000000000000e+00 -2.355402112007141113e-01 -7.030672580003738403e-02 1.000000000000000000e+00 3.000000000000000000e+00 2.100000000000000000e+01 2.200000000000000000e+01 0.000000000000000000e+00 1.000000000000000000e+00 1.600000000000000000e+01 3.000000000000000000e+00
9.297252169437781788e+01 -1.925358974332660678e+00 6.562172791195872712e-01 3.000000000000000000e+00 1.150000000000000000e+02 1.100000000000000000e+01 -8.500000000000000000e+00 -1.250000000000000000e+00 -1.284827888011932373e-01 1.194571261294186115e-03 1.000000000000000000e+00 3.000000000000000000e+00 1.900000000000000000e+01 2.100000000000000000e+01 1.500000000000000000e+01 1.000000000000000000e+00 1.600000000000000000e+01 3.000000000000000000e+00
9.595519735443441789e+01 -3.557220699901097571e+00 6.821651465593550068e-01 3.000000000000000000e+00 1.160000000000000000e+02 1.800000000000000000e+01 -8.500000000000000000e+00 -1.250000000000000000e+00 -1.090782210230827332e-01 2.732420340180397034e-03 1.000000000000000000e+00 3.000000000000000000e+00 1.900000000000000000e+01 2.000000000000000000e+01 1.500000000000000000e+01 1.000000000000000000e+00 1.600000000000000000e+01 3.000000000000000000e+00
9.695725010360459351e+01 -3.367886046139180412e+00 6.886993518548321092e-01 3.000000000000000000e+00 1.170000000000000000e+02 1.050000000000000000e+01 -8.500000000000000000e+00 -1.250000000000000000e+00 -1.118299365043640137e-01 2.551675075665116310e-03 1.000000000000000000e+00 3.000000000000000000e+00 1.900000000000000000e+01 2.100000000000000000e+01 1.100000000000000000e+01 3.000000000000000000e+00 1.600000000000000000e+01 3.000000000000000000e+00
9.596014812119324233e+01 1.564373710156430164e+01 6.253661658909693832e-01 3.000000000000000000e+00 1.180000000000000000e+02 7.500000000000000000e+00 -8.250000000000000000e+00 -1.250000000000000000e+00 -9.322857111692428589e-02 -1.563169993460178375e-02 1.000000000000000000e+00 3.000000000000000000e+00 1.900000000000000000e+01 2.100000000000000000e+01 0.000000000000000000e+00 1.000000000000000000e+00 1.600000000000000000e+01 3.000000000000000000e+00
9.387134022552433521e+01 2.606653793445118694e+01 5.797261541851036482e-01 3.000000000000000000e+00 1.190000000000000000e+02 1.000000000000000000e+00 -8.250000000000000000e+00 -1.250000000000000000e+00 -2.150011211633682251e-01 -5.982064455747604370e-02 1.000000000000000000e+00 3.000000000000000000e+00 2.100000000000000000e+01 2.300000000000000000e+01 0.000000000000000000e+00 1.000000000000000000e+00 1.600000000000000000e+01 3.000000000000000000e+00
8.977567917217839977e+01 -3.909325463315435911e+01 7.435987502726366660e-01 3.000000000000000000e+00 1.200000000000000000e+02 6.000000000000000000e+00 -9.000000000000000000e+00 -1.250000000000000000e+00 -1.220431774854660034e-01 4.946643486618995667e-02 1.000000000000000000e+00 3.000000000000000000e+00 2.000000000000000000e+01 2.200000000000000000e+01 0.000000000000000000e+00 1.000000000000000000e+00 1.600000000000000000e+01 3.000000000000000000e+00
9.899764686918463497e+01 4.105752855707539561e-01 6.919614657471288011e-01 3.000000000000000000e+00 1.210000000000000000e+02 1.200000000000000000e+01 -8.500000000000000000e+00 -1.250000000000000000e+00 -1.578014343976974487e-01 -2.302550012245774269e-03 1.000000000000000000e+00 3.000000000000000000e+00 2.000000000000000000e+01 2.200000000000000000e+01 9.000000000000000000e+00 3.000000000000000000e+00 1.600000000000000000e+01 3.000000000000000000e+00
9.490327990140509939e+01 2.905570138413224868e+01 5.781845855264957645e-01 3.000000000000000000e+00 1.220000000000000000e+02 8.500000000000000000e+00 -8.250000000000000000e+00 -1.250000000000000000e+00 -2.428898215293884277e-01 -7.429861277341842651e-02 1.000000000000000000e+00 3.000000000000000000e+00 2.100000000000000000e+01 2.300000000000000000e+01 0.000000000000000000e+00 1.000000000000000000e+00 1.600000000000000000e+01 3.000000000000000000e+00
8.911382124951585126e+01 -4.488651126164676697e+01 7.560605312511704534e-01 3.000000000000000000e+00 1.230000000000000000e+02 1.200000000000000000e+01 -9.000000000000000000e+00 -1.250000000000000000e+00 -5.129312351346015930e-02 2.410886809229850769e-02 1.000000000000000000e+00 3.000000000000000000e+00 2.000000000000000000e+01 2.100000000000000000e+01 0.000000000000000000e+00 1.000000000000000000e+00 1.600000000000000000e+01 3.000000000000000000e+00
9.971218544581252274e+01 -7.597458182146425543e+00 7.207239106087380831e-01 3.000000000000000000e+00 1.240000000000000000e+02 8.500000000000000000e+00 -8.500000000000000000e+00 -1.250000000000000000e+00 -6.260667741298675537e-02 3.928025253117084503e-03 1.000000000000000000e+00 3.000000000000000000e+00 2.100000000000000000e+01 2.300000000000000000e+01 1.200000000000000000e+01 3.000000000000000000e+00 1.600000000000000000e+01 3.000000000000000000e+00
