-4.416125433757317253e+00 3.919871893433939380e+00 -1.241421807648981079e-01 1.000000000000000000e+00 0.000000000000000000e+00 3.500000000000000000e+00 -8.750000000000000000e+00 0.000000000000000000e+00 -3.897186741232872009e-02 -5.845780670642852783e-02 1.000000000000000000e+00 3.000000000000000000e+00 1.900000000000000000e+01 1.900000000000000000e+01 0.000000000000000000e+00 1.000000000000000000e+00 1.800000000000000000e+01 3.000000000000000000e+00
-3.813224376438568264e+00 4.110943253720322765e+00 -1.256070117223500870e-01 1.000000000000000000e+00 1.000000000000000000e+00 4.500000000000000000e+00 -8.500000000000000000e+00 0.000000000000000000e+00 4.426563903689384460e-02 5.671534687280654907e-02 1.000000000000000000e+00 3.000000000000000000e+00 1.900000000000000000e+01 1.900000000000000000e+01 0.000000000000000000e+00 1.000000000000000000e+00 1.800000000000000000e+01 3.000000000000000000e+00
-3.213292256658543344e+00 4.102036847737065450e+00 -1.270258661188833627e-01 1.000000000000000000e+00 2.000000000000000000e+00 5.000000000000000000e-01 -8.500000000000000000e+00 0.000000000000000000e+00 5.129355564713478088e-02 5.534304305911064148e-02 1.000000000000000000e+00 3.000000000000000000e+00 2.000000000000000000e+01 2.000000000000000000e+01 0.000000000000000000e+00 1.000000000000000000e+00 1.800000000000000000e+01 3.000000000000000000e+00
-3.013314803934653341e+00 4.099068044562950597e+00 -1.274988177723285210e-01 1.000000000000000000e+00 3.000000000000000000e+00 3.000000000000000000e+00 -8.500000000000000000e+00 0.000000000000000000e+00 5.336162820458412170e-02 5.469566956162452698e-02 1.000000000000000000e+00 3.000000000000000000e+00 1.900000000000000000e+01 1.900000000000000000e+01 0.000000000000000000e+00 1.000000000000000000e+00 1.700000000000000000e+01 3.000000000000000000e+00
-3.801349565694371435e+00 4.910855286524461683e+00 -1.257909159300469870e-01 1.000000000000000000e+00 4.000000000000000000e+00 6.000000000000000000e+00 -8.500000000000000000e+00 0.000000000000000000e+00 3.715018182992935181e-02 5.688622221350669861e-02 1.000000000000000000e+00 3.000000000000000000e+00 1.900000000000000000e+01 2.000000000000000000e+01 0.000000000000000000e+00 1.000000000000000000e+00 1.800000000000000000e+01 3.000000000000000000e+00
-4.186460961250872970e+00 5.916682695485559584e+00 -1.250748928279701300e-01 4.000000000000000000e+00 5.000000000000000000e+00 4.500000000000000000e+00 0.000000000000000000e+00 0.000000000000000000e+00 1.588428258895874023e+00 3.347045183181762695e+00 1.000000000000000000e+00 0.000000000000000000e+00 0.000000000000000000e+00 0.000000000000000000e+00 7.000000000000000000e+00 6.000000000000000000e+00 0.000000000000000000e+00 0.000000000000000000e+00
-3.201417445914346516e+00 4.901948880541204367e+00 -1.272097703265802904e-01 1.000000000000000000e+00 6.000000000000000000e+00 5.000000000000000000e+00 -8.500000000000000000e+00 0.000000000000000000e+00 4.400485381484031677e-02 5.674310773611068726e-02 1.000000000000000000e+00 3.000000000000000000e+00 1.900000000000000000e+01 1.900000000000000000e+01 1.000000000000000000e+01 3.000000000000000000e+00 1.800000000000000000e+01 3.000000000000000000e+00
-2.401507873410432481e+00 4.890073671383832199e+00 -1.291015763765587243e-01 1.000000000000000000e+00 7.000000000000000000e+00 -1.000000000000000000e+00 -8.750000000000000000e+00 0.000000000000000000e+00 -6.530083715915679932e-02 -6.955958157777786255e-02 1.000000000000000000e+00 3.000000000000000000e+00 1.900000000000000000e+01 1.900000000000000000e+01 1.100000000000000000e+01 3.000000000000000000e+00 1.700000000000000000e+01 3.000000000000000000e+00
-1.944073447171081881e+00 -4.717774744326033165e+00 -1.283135808288061452e-01 3.000000000000000000e+00 8.000000000000000000e+00 -5.000000000000000000e+00 -8.000000000000000000e+00 0.000000000000000000e+00 3.043094575405120850e-01 -2.750489413738250732e-01 1.000000000000000000e+00 3.000000000000000000e+00 1.900000000000000000e+01 1.900000000000000000e+01 1.600000000000000000e+01 1.000000000000000000e+00 1.700000000000000000e+01 3.000000000000000000e+00
-2.392601768891252867e+00 5.490007457594630047e+00 -1.292395044775236923e-01 1.000000000000000000e+00 9.000000000000000000e+00 0.000000000000000000e+00 -8.750000000000000000e+00 0.000000000000000000e+00 -5.580182000994682312e-02 -6.671956926584243774e-02 1.000000000000000000e+00 3.000000000000000000e+00 1.900000000000000000e+01 1.900000000000000000e+01 1.600000000000000000e+01 1.000000000000000000e+00 1.800000000000000000e+01 3.000000000000000000e+00
-2.186686672403621579e+00 5.886994667283496518e+00 -1.298044087986194861e-01 1.000000000000000000e+00 1.000000000000000000e+01 -3.500000000000000000e+00 -8.750000000000000000e+00 0.000000000000000000e+00 -5.360446497797966003e-02 -6.588881462812423706e-02 1.000000000000000000e+00 3.000000000000000000e+00 2.000000000000000000e+01 2.000000000000000000e+01 0.000000000000000000e+00 1.000000000000000000e+00 1.800000000000000000e+01 3.000000000000000000e+00
-2.136309425834870268e-01 4.057504807203514474e+00 -1.341201397929563111e-01 1.000000000000000000e+00 1.100000000000000000e+01 0.000000000000000000e+00 -8.750000000000000000e+00 0.000000000000000000e+00 -1.121647655963897705e-01 -6.762874871492385864e-02 1.000000000000000000e+00 3.000000000000000000e+00 1.900000000000000000e+01 1.900000000000000000e+01 1.100000000000000000e+01 3.000000000000000000e+00 1.700000000000000000e+01 3.000000000000000000e+00
5.714348816375061091e-01 3.045739798972363133e+00 -1.357820650743191693e-01 1.000000000000000000e+00 1.200000000000000000e+01 -2.500000000000000000e+00 -8.750000000000000000e+00 -2.500000000000000000e-01 -2.234522998332977295e-01 -9.114501625299453735e-02 1.000000000000000000e+00 3.000000000000000000e+00 2.000000000000000000e+01 1.900000000000000000e+01 0.000000000000000000e+00 1.000000000000000000e+00 1.600000000000000000e+01 3.000000000000000000e+00
-1.068502202622401143e-02 4.254514254161828823e+00 -1.346390669893312297e-01 1.000000000000000000e+00 1.300000000000000000e+01 2.000000000000000000e+00 -8.750000000000000000e+00 -2.500000000000000000e-01 -2.222969681024551392e-01 -1.365538537502288818e-01 1.000000000000000000e+00 3.000000000000000000e+00 1.900000000000000000e+01 1.900000000000000000e+01 0.000000000000000000e+00 1.000000000000000000e+00 1.700000000000000000e+01 3.000000000000000000e+00
9.624836825661056139e-01 2.439868406413334245e+00 -1.365900402802444902e-01 1.000000000000000000e+00 1.400000000000000000e+01 -5.000000000000000000e-01 -8.750000000000000000e+00 -2.500000000000000000e-01 -2.182612568140029907e-01 -6.820664554834365845e-02 1.000000000000000000e+00 3.000000000000000000e+00 1.900000000000000000e+01 1.900000000000000000e+01 0.000000000000000000e+00 1.000000000000000000e+00 1.600000000000000000e+01 3.000000000000000000e+00
2.380137349035727823e+00 3.618954605625695820e+00 -1.401765564196917058e-01 1.000000000000000000e+00 1.500000000000000000e+01 -4.500000000000000000e+00 -8.750000000000000000e+00 -2.500000000000000000e-01 -2.229381054639816284e-01 -8.775223791599273682e-02 1.000000000000000000e+00 3.000000000000000000e+00 1.900000000000000000e+01 1.900000000000000000e+01 0.000000000000000000e+00 1.000000000000000000e+00 1.600000000000000000e+01 3.000000000000000000e+00
2.192034941908710621e+00 4.421835199672555561e+00 -1.398875094829379329e-01 1.000000000000000000e+00 1.600000000000000000e+01 -2.000000000000000000e+00 -8.750000000000000000e+00 -2.500000000000000000e-01 -2.247800379991531372e-01 -1.099467650055885315e-01 1.000000000000000000e+00 3.000000000000000000e+00 2.000000000000000000e+01 1.900000000000000000e+01 9.000000000000000000e+00 3.000000000000000000e+00 1.600000000000000000e+01 3.000000000000000000e+00
2.589021624992696502e+00 4.215919816437419421e+00 -1.407874379203160609e-01 1.000000000000000000e+00 1.700000000000000000e+01 -2.000000000000000000e+00 -8.250000000000000000e+00 -2.500000000000000000e-01 1.920139938592910767e-01 8.600626885890960693e-02 1.000000000000000000e+00 3.000000000000000000e+00 1.900000000000000000e+01 1.900000000000000000e+01 0.000000000000000000e+00 1.000000000000000000e+00 1.600000000000000000e+01 3.000000000000000000e+00
6.140713693210875235e-01 -7.556060820080316098e+00 -1.338182871424671849e-01 1.000000000000000000e+00 1.800000000000000000e+01 -3.000000000000000000e+00 -8.750000000000000000e+00 -2.500000000000000000e-01 2.161826379597187042e-02 -2.078679390251636505e-02 1.000000000000000000e+00 3.000000000000000000e+00 1.900000000000000000e+01 1.900000000000000000e+01 0.000000000000000000e+00 1.000000000000000000e+00 1.700000000000000000e+01 3.000000000000000000e+00
2.612771239403151924e+00 5.815743405261085464e+00 -1.411552462260944607e-01 1.000000000000000000e+00 1.900000000000000000e+01 5.500000000000000000e+00 -8.250000000000000000e+00 -2.500000000000000000e-01 1.406345814466476440e-01 8.643165975809097290e-02 1.000000000000000000e+00 3.000000000000000000e+00 1.900000000000000000e+01 1.900000000000000000e+01 0.000000000000000000e+00 1.000000000000000000e+00 1.700000000000000000e+01 3.000000000000000000e+00
4.797678994299729993e+00 4.783196778350216505e+00 -1.461278325177712001e-01 1.000000000000000000e+00 2.000000000000000000e+01 -2.500000000000000000e+00 -8.500000000000000000e+00 -2.500000000000000000e-01 -1.045151241123676300e-02 -4.340034909546375275e-03 1.000000000000000000e+00 3.000000000000000000e+00 2.000000000000000000e+01 1.900000000000000000e+01 0.000000000000000000e+00 1.000000000000000000e+00 1.600000000000000000e+01 3.000000000000000000e+00
4.818459909563106436e+00 6.183042597365153270e+00 -1.464496648264330958e-01 1.000000000000000000e+00 2.100000000000000000e+01 1.200000000000000000e+01 -8.500000000000000000e+00 -2.500000000000000000e-01 -2.991185523569583893e-02 -1.596988737583160400e-02 1.000000000000000000e+00 3.000000000000000000e+00 1.900000000000000000e+01 1.900000000000000000e+01 0.000000000000000000e+00 1.000000000000000000e+00 1.600000000000000000e+01 3.000000000000000000e+00
5.213551113229041079e+00 -7.624343268311347011e+00 -1.446961712250904863e-01 1.000000000000000000e+00 2.200000000000000000e+01 4.500000000000000000e+00 -8.750000000000000000e+00 -2.500000000000000000e-01 -2.717640809714794159e-02 1.643734425306320190e-02 1.000000000000000000e+00 3.000000000000000000e+00 1.900000000000000000e+01 1.900000000000000000e+01 9.000000000000000000e+00 3.000000000000000000e+00 1.700000000000000000e+01 3.000000000000000000e+00
6.210469439309763473e+00 -7.839165050451563310e+00 -1.470149529313975745e-01 1.000000000000000000e+00 2.300000000000000000e+01 5.000000000000000000e+00 -8.750000000000000000e+00 -2.500000000000000000e-01 -3.291700035333633423e-02 1.891499198973178864e-02 1.000000000000000000e+00 3.000000000000000000e+00 1.900000000000000000e+01 1.900000000000000000e+01 1.100000000000000000e+01 3.000000000000000000e+00 1.700000000000000000e+01 3.000000000000000000e+00
7.215219682458185346e+00 5.947438726838783829e+00 -1.520791063058342940e-01 1.000000000000000000e+00 2.400000000000000000e+01 1.600000000000000000e+01 -8.500000000000000000e+00 -2.500000000000000000e-01 -1.301306765526533127e-02 -5.590120330452919006e-03 1.000000000000000000e+00 3.000000000000000000e+00 1.900000000000000000e+01 1.900000000000000000e+01 0.000000000000000000e+00 1.000000000000000000e+00 1.600000000000000000e+01 3.000000000000000000e+00
8.215106707685990273e+00 5.932594714507296807e+00 -1.544438640092578863e-01 1.000000000000000000e+00 2.500000000000000000e+01 1.050000000000000000e+01 -8.500000000000000000e+00 -2.500000000000000000e-01 -7.903964258730411530e-03 -3.171985736116766930e-03 1.000000000000000000e+00 3.000000000000000000e+00 1.900000000000000000e+01 1.900000000000000000e+01 1.100000000000000000e+01 3.000000000000000000e+00 1.600000000000000000e+01 3.000000000000000000e+00
8.607230165771422747e+00 -8.074768935134287062e+00 -1.526443966660074592e-01 1.000000000000000000e+00 2.600000000000000000e+01 1.050000000000000000e+01 -8.750000000000000000e+00 -2.500000000000000000e-01 -4.820461571216583252e-02 2.410230599343776703e-02 1.000000000000000000e+00 3.000000000000000000e+00 1.900000000000000000e+01 1.900000000000000000e+01 0.000000000000000000e+00 1.000000000000000000e+00 1.600000000000000000e+01 3.000000000000000000e+00
9.607116237432649086e+00 -8.089612933309419773e+00 -1.550091521142223649e-01 1.000000000000000000e+00 2.700000000000000000e+01 8.000000000000000000e+00 -8.750000000000000000e+00 -2.500000000000000000e-01 -5.472414195537567139e-02 2.573337778449058533e-02 1.000000000000000000e+00 3.000000000000000000e+00 1.900000000000000000e+01 1.900000000000000000e+01 1.100000000000000000e+01 3.000000000000000000e+00 1.600000000000000000e+01 3.000000000000000000e+00
6.537026656917863221e+00 1.415841060703152721e+01 -1.520723174372931030e-01 2.000000000000000000e+00 2.800000000000000000e+01 -5.000000000000000000e-01 -1.025000000000000000e+01 0.000000000000000000e+00 -7.664620280265808105e-01 -8.179408311843872070e-01 1.000000000000000000e+00 1.000000000000000000e+00 1.900000000000000000e+01 1.900000000000000000e+01 0.000000000000000000e+00 1.000000000000000000e+00 1.800000000000000000e+01 3.000000000000000000e+00
1.028613055493954320e+01 1.070237744215896569e+01 -1.602768065886489846e-01 3.000000000000000000e+00 2.900000000000000000e+01 -4.500000000000000000e+00 -9.000000000000000000e+00 -2.500000000000000000e-01 -3.998778760433197021e-01 -2.534109354019165039e-01 1.000000000000000000e+00 3.000000000000000000e+00 1.900000000000000000e+01 1.900000000000000000e+01 4.000000000000000000e+00 3.000000000000000000e+00 1.700000000000000000e+01 3.000000000000000000e+00
1.240383234612537677e+01 -8.331154431418550388e+00 -1.615845002833269095e-01 1.000000000000000000e+00 3.000000000000000000e+01 5.000000000000000000e+00 -8.750000000000000000e+00 -2.500000000000000000e-01 -6.781668961048126221e-02 2.802628651261329651e-02 1.000000000000000000e+00 3.000000000000000000e+00 1.900000000000000000e+01 1.900000000000000000e+01 9.000000000000000000e+00 3.000000000000000000e+00 1.600000000000000000e+01 3.000000000000000000e+00
1.298892143279740807e+01 -9.339950647092852165e+00 -1.627734756026511242e-01 1.000000000000000000e+00 3.100000000000000000e+01 -2.000000000000000000e+00 -8.500000000000000000e+00 -2.500000000000000000e-01 1.486494839191436768e-01 -6.696585565805435181e-02 1.000000000000000000e+00 3.000000000000000000e+00 1.900000000000000000e+01 1.900000000000000000e+01 1.600000000000000000e+01 1.000000000000000000e+00 1.600000000000000000e+01 3.000000000000000000e+00
1.339481327391193588e+01 -8.945931753176223467e+00 -1.638113299954009616e-01 3.000000000000000000e+00 3.200000000000000000e+01 9.500000000000000000e+00 -8.250000000000000000e+00 -2.500000000000000000e-01 3.586354553699493408e-01 -1.514625400304794312e-01 1.000000000000000000e+00 3.000000000000000000e+00 2.000000000000000000e+01 2.000000000000000000e+01 0.000000000000000000e+00 1.000000000000000000e+00 1.600000000000000000e+01 3.000000000000000000e+00
1.460655136357166839e+01 -8.163832994966858436e+00 -1.668329406313403540e-01 1.000000000000000000e+00 3.300000000000000000e+01 4.500000000000000000e+00 -8.750000000000000000e+00 -2.500000000000000000e-01 -8.010757714509963989e-02 2.902981080114841461e-02 1.000000000000000000e+00 3.000000000000000000e+00 1.900000000000000000e+01 1.900000000000000000e+01 0.000000000000000000e+00 1.000000000000000000e+00 1.600000000000000000e+01 3.000000000000000000e+00
1.409460659954905282e+01 1.124590446961980561e+01 -1.694008122680720763e-01 1.000000000000000000e+00 3.400000000000000000e+01 -4.000000000000000000e+00 -8.750000000000000000e+00 -2.500000000000000000e-01 -2.242248654365539551e-01 -1.227898076176643372e-01 1.000000000000000000e+00 3.000000000000000000e+00 2.000000000000000000e+01 2.000000000000000000e+01 4.000000000000000000e+00 3.000000000000000000e+00 1.700000000000000000e+01 3.000000000000000000e+00
1.558862617268317763e+01 -9.378545056504554722e+00 -1.689218420232185547e-01 1.000000000000000000e+00 3.500000000000000000e+01 5.000000000000000000e-01 -8.750000000000000000e+00 -2.500000000000000000e-01 -7.118168473243713379e-02 2.841023728251457214e-02 1.000000000000000000e+00 3.000000000000000000e+00 2.000000000000000000e+01 1.900000000000000000e+01 1.100000000000000000e+01 3.000000000000000000e+00 1.600000000000000000e+01 3.000000000000000000e+00
1.640338044703659293e+01 -8.390530480744500252e+00 -1.710435310970213063e-01 1.000000000000000000e+00 3.600000000000000000e+01 5.000000000000000000e+00 -8.750000000000000000e+00 -2.500000000000000000e-01 -8.486081659793853760e-02 2.912595681846141815e-02 1.000000000000000000e+00 3.000000000000000000e+00 1.900000000000000000e+01 1.900000000000000000e+01 0.000000000000000000e+00 1.000000000000000000e+00 1.600000000000000000e+01 3.000000000000000000e+00
1.784181503230855625e+01 -5.811598224124894685e+00 -1.749518795999381038e-01 1.000000000000000000e+00 3.700000000000000000e+01 1.800000000000000000e+01 -8.000000000000000000e+00 -2.500000000000000000e-01 5.989577770233154297e-01 -1.317707151174545288e-01 1.000000000000000000e+00 3.000000000000000000e+00 1.900000000000000000e+01 1.900000000000000000e+01 0.000000000000000000e+00 1.000000000000000000e+00 1.600000000000000000e+01 3.000000000000000000e+00
1.882982724679216346e+01 -6.626354269260521512e+00 -1.771327330956647961e-01 0.000000000000000000e+00 3.800000000000000000e+01 -5.000000000000000000e-01 -7.750000000000000000e+00 -2.500000000000000000e-01 8.339095115661621094e-01 -2.020626962184906006e-01 1.000000000000000000e+00 3.000000000000000000e+00 2.000000000000000000e+01 1.900000000000000000e+01 1.600000000000000000e+01 1.000000000000000000e+00 1.600000000000000000e+01 3.000000000000000000e+00
1.612918472968138062e+01 -1.338701068001745931e+01 -1.694211767281024461e-01 1.000000000000000000e+00 3.900000000000000000e+01 -4.000000000000000000e+00 -8.250000000000000000e+00 -2.500000000000000000e-01 3.448646962642669678e-01 -1.930652707815170288e-01 1.000000000000000000e+00 3.000000000000000000e+00 2.000000000000000000e+01 2.000000000000000000e+01 4.000000000000000000e+00 3.000000000000000000e+00 1.700000000000000000e+01 3.000000000000000000e+00
1.943272854958049223e+01 -6.435282435728614026e+00 -1.785975647265343469e-01 1.000000000000000000e+00 4.000000000000000000e+01 -3.500000000000000000e+00 -8.000000000000000000e+00 -2.500000000000000000e-01 5.985286831855773926e-01 -1.372565776109695435e-01 1.000000000000000000e+00 3.000000000000000000e+00 2.000000000000000000e+01 1.900000000000000000e+01 1.100000000000000000e+01 3.000000000000000000e+00 1.600000000000000000e+01 3.000000000000000000e+00
1.858531854921951165e+01 -9.623054863307745066e+00 -1.759701391363728273e-01 3.000000000000000000e+00 4.100000000000000000e+01 3.000000000000000000e+00 -8.750000000000000000e+00 -2.500000000000000000e-01 -8.058171719312667847e-02 2.904690057039260864e-02 1.000000000000000000e+00 3.000000000000000000e+00 2.000000000000000000e+01 1.900000000000000000e+01 0.000000000000000000e+00 1.000000000000000000e+00 1.600000000000000000e+01 3.000000000000000000e+00
2.064446663924022829e+01 -5.653183677519248107e+00 -1.816191753624737393e-01 1.000000000000000000e+00 4.200000000000000000e+01 -2.500000000000000000e+00 -8.000000000000000000e+00 -2.500000000000000000e-01 5.996735692024230957e-01 -1.143262609839439392e-01 1.000000000000000000e+00 3.000000000000000000e+00 1.900000000000000000e+01 1.900000000000000000e+01 0.000000000000000000e+00 1.000000000000000000e+00 1.600000000000000000e+01 3.000000000000000000e+00
2.099881731142392027e+01 4.742701551220118716e+00 -1.844828828593081949e-01 1.000000000000000000e+00 4.300000000000000000e+01 -4.500000000000000000e+00 -8.500000000000000000e+00 -2.500000000000000000e-01 3.793608024716377258e-02 6.909785792231559753e-03 1.000000000000000000e+00 3.000000000000000000e+00 1.900000000000000000e+01 1.900000000000000000e+01 4.000000000000000000e+00 3.000000000000000000e+00 1.600000000000000000e+01 3.000000000000000000e+00
1.019031175889772456e+01 -2.269987918295318252e+01 -1.535447100148586430e-01 3.000000000000000000e+00 4.400000000000000000e+01 3.000000000000000000e+00 -8.750000000000000000e+00 -2.500000000000000000e-01 4.234095290303230286e-02 -5.412906035780906677e-02 1.000000000000000000e+00 3.000000000000000000e+00 2.000000000000000000e+01 2.000000000000000000e+01 0.000000000000000000e+00 1.000000000000000000e+00 1.800000000000000000e+01 3.000000000000000000e+00
2.181653838486919739e+01 5.930694401886220213e+00 -1.866505435294254778e-01 1.000000000000000000e+00 4.500000000000000000e+01 3.000000000000000000e+00 -8.750000000000000000e+00 -2.500000000000000000e-01 -2.088893353939056396e-01 -4.569454491138458252e-02 1.000000000000000000e+00 3.000000000000000000e+00 1.900000000000000000e+01 1.900000000000000000e+01 0.000000000000000000e+00 1.000000000000000000e+00 1.600000000000000000e+01 3.000000000000000000e+00
2.374506358501549741e+01 1.101535133967634916e+00 -1.902766339093220349e-01 0.000000000000000000e+00 4.600000000000000000e+01 1.450000000000000000e+01 -4.000000000000000000e+00 0.000000000000000000e+00 4.569981098175048828e+00 2.225640267133712769e-01 1.000000000000000000e+00 3.000000000000000000e+00 1.900000000000000000e+01 1.900000000000000000e+01 0.000000000000000000e+00 1.000000000000000000e+00 1.600000000000000000e+01 3.000000000000000000e+00
2.456575526474101068e+01 2.489505726129757956e+00 -1.924902750869732226e-01 0.000000000000000000e+00 4.700000000000000000e+01 9.000000000000000000e+00 -4.000000000000000000e+00 0.000000000000000000e+00 4.543813705444335938e+00 4.169955551624298096e-01 1.000000000000000000e+00 1.000000000000000000e+00 1.900000000000000000e+01 1.900000000000000000e+01 1.100000000000000000e+01 3.000000000000000000e+00 1.600000000000000000e+01 3.000000000000000000e+00
2.502508373297060729e+01 6.483127337311175076e+00 -1.943556980855128957e-01 3.000000000000000000e+00 4.800000000000000000e+01 2.500000000000000000e+00 -8.750000000000000000e+00 -5.000000000000000000e-01 -2.600128352642059326e-01 -5.606526881456375122e-02 1.000000000000000000e+00 3.000000000000000000e+00 1.900000000000000000e+01 1.900000000000000000e+01 9.000000000000000000e+00 3.000000000000000000e+00 1.600000000000000000e+01 3.000000000000000000e+00
2.619823060546176663e+01 4.665512675771300799e+00 -1.967796247212778293e-01 1.000000000000000000e+00 4.900000000000000000e+01 -2.000000000000000000e+00 -8.750000000000000000e+00 -5.000000000000000000e-01 -2.373123764991760254e-01 -3.645461052656173706e-02 1.000000000000000000e+00 3.000000000000000000e+00 1.900000000000000000e+01 1.900000000000000000e+01 9.000000000000000000e+00 3.000000000000000000e+00 1.600000000000000000e+01 3.000000000000000000e+00
2.583983610019086541e+01 7.471141941383935503e+00 -1.964773826488982467e-01 1.000000000000000000e+00 5.000000000000000000e+01 -3.500000000000000000e+00 -8.750000000000000000e+00 -5.000000000000000000e-01 -2.684068381786346436e-01 -6.464677304029464722e-02 1.000000000000000000e+00 3.000000000000000000e+00 1.900000000000000000e+01 1.900000000000000000e+01 1.100000000000000000e+01 3.000000000000000000e+00 1.600000000000000000e+01 3.000000000000000000e+00
2.735950267428665938e+01 2.047986458211899841e+00 -1.990196472589612353e-01 0.000000000000000000e+00 5.100000000000000000e+01 -3.000000000000000000e+00 -4.000000000000000000e+00 0.000000000000000000e+00 4.557451725006103516e+00 3.312101662158966064e-01 1.000000000000000000e+00 1.000000000000000000e+00 1.900000000000000000e+01 1.900000000000000000e+01 9.000000000000000000e+00 3.000000000000000000e+00 1.600000000000000000e+01 3.000000000000000000e+00
2.629916646847568984e+01 1.146476304746803443e+01 -1.983428100482398926e-01 3.000000000000000000e+00 5.200000000000000000e+01 -2.500000000000000000e+00 -8.000000000000000000e+00 -5.000000000000000000e-01 3.639227151870727539e-01 1.304421722888946533e-01 1.000000000000000000e+00 3.000000000000000000e+00 1.900000000000000000e+01 1.900000000000000000e+01 4.000000000000000000e+00 3.000000000000000000e+00 1.600000000000000000e+01 3.000000000000000000e+00
2.737838621007676920e+01 -1.015363770011721023e+01 -1.966880531281004485e-01 1.000000000000000000e+00 5.300000000000000000e+01 3.000000000000000000e+00 -9.000000000000000000e+00 -5.000000000000000000e-01 -2.676144242286682129e-01 7.502485811710357666e-02 1.000000000000000000e+00 3.000000000000000000e+00 1.900000000000000000e+01 1.900000000000000000e+01 1.100000000000000000e+01 3.000000000000000000e+00 1.600000000000000000e+01 3.000000000000000000e+00
2.840985763456038882e+01 5.432767870121084641e+00 -2.021659976806735870e-01 1.000000000000000000e+00 5.400000000000000000e+01 8.000000000000000000e+00 -8.750000000000000000e+00 -5.000000000000000000e-01 -2.423254698514938354e-01 -4.038757458329200745e-02 1.000000000000000000e+00 3.000000000000000000e+00 1.900000000000000000e+01 1.900000000000000000e+01 0.000000000000000000e+00 1.000000000000000000e+00 1.600000000000000000e+01 3.000000000000000000e+00
2.960971901342071533e+01 5.414955100623630280e+00 -2.050036997081141066e-01 1.000000000000000000e+00 5.500000000000000000e+01 1.500000000000000000e+00 -8.750000000000000000e+00 -5.000000000000000000e-01 -2.402423322200775146e-01 -3.872759267687797546e-02 1.000000000000000000e+00 3.000000000000000000e+00 1.900000000000000000e+01 1.900000000000000000e+01 1.100000000000000000e+01 3.000000000000000000e+00 1.600000000000000000e+01 3.000000000000000000e+00
2.857825140320338875e+01 -1.017145052624007739e+01 -1.995257641763757417e-01 1.000000000000000000e+00 5.600000000000000000e+01 1.000000000000000000e+01 -9.000000000000000000e+00 -5.000000000000000000e-01 -2.730261087417602539e-01 7.397634536027908325e-02 1.000000000000000000e+00 3.000000000000000000e+00 1.900000000000000000e+01 1.900000000000000000e+01 0.000000000000000000e+00 1.000000000000000000e+00 1.600000000000000000e+01 3.000000000000000000e+00
3.127592712122230267e+01 -3.610772390389187070e+00 -2.071913489476234771e-01 0.000000000000000000e+00 5.700000000000000000e+01 2.200000000000000000e+01 2.500000000000000000e+00 0.000000000000000000e+00 1.100530433654785156e+01 -8.884490132331848145e-01 1.000000000000000000e+00 3.000000000000000000e+00 1.900000000000000000e+01 1.900000000000000000e+01 0.000000000000000000e+00 1.000000000000000000e+00 1.600000000000000000e+01 3.000000000000000000e+00
3.044228741102356395e+01 7.602837697277186280e+00 -2.074012496038795950e-01 1.000000000000000000e+00 5.800000000000000000e+01 1.550000000000000000e+01 -8.750000000000000000e+00 -5.000000000000000000e-01 -2.603382468223571777e-01 -5.638341605663299561e-02 1.000000000000000000e+00 3.000000000000000000e+00 1.900000000000000000e+01 1.900000000000000000e+01 0.000000000000000000e+00 1.000000000000000000e+00 1.600000000000000000e+01 3.000000000000000000e+00
3.143433964432806960e+01 -6.413432785585028384e+00 -2.070206286543166130e-01 0.000000000000000000e+00 5.900000000000000000e+01 1.200000000000000000e+01 -5.000000000000000000e+00 0.000000000000000000e+00 3.493300676345825195e+00 -5.339501500129699707e-01 1.000000000000000000e+00 3.000000000000000000e+00 1.900000000000000000e+01 1.900000000000000000e+01 0.000000000000000000e+00 1.000000000000000000e+00 1.600000000000000000e+01 3.000000000000000000e+00
3.154525675995716227e+01 -1.241573993826900413e+01 -2.061143008799031229e-01 0.000000000000000000e+00 6.000000000000000000e+01 -2.500000000000000000e+00 -4.750000000000000000e+00 0.000000000000000000e+00 3.491936206817626953e+00 -1.070980548858642578e+00 1.000000000000000000e+00 1.000000000000000000e+00 2.000000000000000000e+01 2.000000000000000000e+01 4.000000000000000000e+00 3.000000000000000000e+00 1.600000000000000000e+01 3.000000000000000000e+00
3.322820193577906167e+01 -6.840108069484106323e+00 -2.111852476332984341e-01 0.000000000000000000e+00 6.100000000000000000e+01 1.600000000000000000e+01 -5.000000000000000000e+00 0.000000000000000000e+00 3.489957571029663086e+00 -5.442260503768920898e-01 1.000000000000000000e+00 3.000000000000000000e+00 1.900000000000000000e+01 1.900000000000000000e+01 0.000000000000000000e+00 1.000000000000000000e+00 1.600000000000000000e+01 3.000000000000000000e+00
3.088001463266773783e+01 -1.680634830358920695e+01 -2.036839770526960858e-01 0.000000000000000000e+00 6.200000000000000000e+01 1.150000000000000000e+01 -5.000000000000000000e+00 0.000000000000000000e+00 3.017485380172729492e+00 -1.287565708160400391e+00 1.000000000000000000e+00 3.000000000000000000e+00 1.900000000000000000e+01 2.000000000000000000e+01 0.000000000000000000e+00 1.000000000000000000e+00 1.600000000000000000e+01 3.000000000000000000e+00
3.581603187199857530e+01 -7.678614034915335118e+00 -2.171497099557843646e-01 0.000000000000000000e+00 6.300000000000000000e+01 6.500000000000000000e+00 -5.000000000000000000e+00 0.000000000000000000e+00 3.479687452316284180e+00 -5.745530724525451660e-01 1.000000000000000000e+00 3.000000000000000000e+00 1.900000000000000000e+01 1.900000000000000000e+01 1.100000000000000000e+01 3.000000000000000000e+00 1.600000000000000000e+01 3.000000000000000000e+00
3.641596256142873500e+01 -7.687520419664062743e+00 -2.185685609695046383e-01 0.000000000000000000e+00 6.400000000000000000e+01 1.050000000000000000e+01 -5.000000000000000000e+00 0.000000000000000000e+00 3.482278347015380859e+00 -5.670682787895202637e-01 1.000000000000000000e+00 3.000000000000000000e+00 1.900000000000000000e+01 1.900000000000000000e+01 9.000000000000000000e+00 3.000000000000000000e+00 1.600000000000000000e+01 3.000000000000000000e+00
3.663267780442579635e+01 6.910870603126884504e+00 -2.219248119378576800e-01 1.000000000000000000e+00 6.500000000000000000e+01 6.000000000000000000e+00 -8.750000000000000000e+00 -5.000000000000000000e-01 -2.443459182977676392e-01 -4.203198105096817017e-02 1.000000000000000000e+00 3.000000000000000000e+00 1.900000000000000000e+01 1.900000000000000000e+01 0.000000000000000000e+00 1.000000000000000000e+00 1.600000000000000000e+01 3.000000000000000000e+00
3.404402942986150293e+01 -1.925358620635669027e+01 -2.106994906654969524e-01 1.000000000000000000e+00 6.600000000000000000e+01 0.000000000000000000e+00 -9.000000000000000000e+00 -5.000000000000000000e-01 -1.727499067783355713e-01 7.802954316139221191e-02 1.000000000000000000e+00 3.000000000000000000e+00 1.900000000000000000e+01 2.000000000000000000e+01 4.000000000000000000e+00 3.000000000000000000e+00 1.600000000000000000e+01 3.000000000000000000e+00
3.525279692031894996e+01 -1.867146471285873233e+01 -2.136751209035178678e-01 1.000000000000000000e+00 6.700000000000000000e+01 -4.500000000000000000e+00 -8.750000000000000000e+00 -5.000000000000000000e-01 2.489166706800460815e-02 -1.057603769004344940e-02 1.000000000000000000e+00 3.000000000000000000e+00 2.000000000000000000e+01 2.000000000000000000e+01 1.100000000000000000e+01 3.000000000000000000e+00 1.600000000000000000e+01 3.000000000000000000e+00
3.642297509366301256e+01 -2.068905714420733588e+01 -2.160530715421662418e-01 3.000000000000000000e+00 6.800000000000000000e+01 -4.000000000000000000e+00 -8.750000000000000000e+00 -5.000000000000000000e-01 3.750185295939445496e-02 -1.720975525677204132e-02 1.000000000000000000e+00 3.000000000000000000e+00 2.100000000000000000e+01 2.100000000000000000e+01 4.000000000000000000e+00 3.000000000000000000e+00 1.600000000000000000e+01 3.000000000000000000e+00
4.133120270949466146e+01 4.036862894829766624e-02 -2.317124707354869806e-01 1.000000000000000000e+00 6.900000000000000000e+01 1.000000000000000000e+01 -8.750000000000000000e+00 -5.000000000000000000e-01 -1.773768365383148193e-01 -2.565367380157113075e-03 1.000000000000000000e+00 3.000000000000000000e+00 1.900000000000000000e+01 1.900000000000000000e+01 0.000000000000000000e+00 1.000000000000000000e+00 1.600000000000000000e+01 3.000000000000000000e+00
4.330425844196902574e+01 -1.789121052337454554e+00 -2.360282017709295910e-01 1.000000000000000000e+00 7.000000000000000000e+01 1.300000000000000000e+01 -8.750000000000000000e+00 -5.000000000000000000e-01 -1.602567136287689209e-01 3.497666446492075920e-03 1.000000000000000000e+00 3.000000000000000000e+00 1.900000000000000000e+01 1.900000000000000000e+01 0.000000000000000000e+00 1.000000000000000000e+00 1.600000000000000000e+01 3.000000000000000000e+00
4.419619705956223754e+01 4.398320453804526409e+00 -2.393452633829025178e-01 3.000000000000000000e+00 7.100000000000000000e+01 -4.500000000000000000e+00 -8.250000000000000000e+00 -7.500000000000000000e-01 2.550743222236633301e-01 2.540779300034046173e-02 1.000000000000000000e+00 3.000000000000000000e+00 1.900000000000000000e+01 2.000000000000000000e+01 9.000000000000000000e+00 3.000000000000000000e+00 1.600000000000000000e+01 3.000000000000000000e+00
4.419916576578724943e+01 4.598298700397867478e+00 -2.393912394896344220e-01 3.000000000000000000e+00 7.200000000000000000e+01 3.500000000000000000e+00 -8.750000000000000000e+00 -7.500000000000000000e-01 -2.426104694604873657e-01 -2.511397562921047211e-02 1.000000000000000000e+00 3.000000000000000000e+00 1.900000000000000000e+01 1.900000000000000000e+01 9.000000000000000000e+00 3.000000000000000000e+00 1.600000000000000000e+01 3.000000000000000000e+00
4.344890260504899260e+01 -1.899316244154151789e+01 -2.330201600978726029e-01 1.000000000000000000e+00 7.300000000000000000e+01 4.500000000000000000e+00 -9.000000000000000000e+00 -5.000000000000000000e-01 -2.222069501876831055e-01 8.004698902368545532e-02 1.000000000000000000e+00 3.000000000000000000e+00 1.900000000000000000e+01 2.000000000000000000e+01 0.000000000000000000e+00 1.000000000000000000e+00 1.600000000000000000e+01 3.000000000000000000e+00
4.693353722686515539e+01 1.572201311450913963e-01 -2.450010863045475051e-01 0.000000000000000000e+00 7.400000000000000000e+01 4.000000000000000000e+00 -7.500000000000000000e+00 0.000000000000000000e+00 1.079581618309020996e+00 1.799302734434604645e-02 1.000000000000000000e+00 3.000000000000000000e+00 1.900000000000000000e+01 2.000000000000000000e+01 0.000000000000000000e+00 1.000000000000000000e+00 1.600000000000000000e+01 3.000000000000000000e+00
4.780469492919498720e+01 4.944815818272135566e+00 -2.479963156078585085e-01 1.000000000000000000e+00 7.500000000000000000e+01 2.000000000000000000e+01 -8.750000000000000000e+00 -7.500000000000000000e-01 -2.429416924715042114e-01 -2.526948228478431702e-02 1.000000000000000000e+00 3.000000000000000000e+00 1.900000000000000000e+01 1.900000000000000000e+01 0.000000000000000000e+00 1.000000000000000000e+00 1.600000000000000000e+01 3.000000000000000000e+00
4.861054119189606837e+01 5.332896636134097257e+00 -2.499800720702788914e-01 1.000000000000000000e+00 7.600000000000000000e+01 9.500000000000000000e+00 -8.750000000000000000e+00 -7.500000000000000000e-01 -2.467076480388641357e-01 -2.706684544682502747e-02 1.000000000000000000e+00 3.000000000000000000e+00 1.900000000000000000e+01 2.000000000000000000e+01 1.100000000000000000e+01 3.000000000000000000e+00 1.600000000000000000e+01 3.000000000000000000e+00
4.230651787920257334e+01 -2.857726091572125071e+01 -2.284485523405477281e-01 3.000000000000000000e+00 7.700000000000000000e+01 0.000000000000000000e+00 -9.750000000000000000e+00 -5.000000000000000000e-01 -6.902512311935424805e-01 3.867070078849792480e-01 1.000000000000000000e+00 3.000000000000000000e+00 2.000000000000000000e+01 2.100000000000000000e+01 1.600000000000000000e+01 1.000000000000000000e+00 1.700000000000000000e+01 3.000000000000000000e+00
4.518041833644355165e+01 -2.361937512585999244e+01 -2.362192731300339910e-01 1.000000000000000000e+00 7.800000000000000000e+01 9.000000000000000000e+00 -9.000000000000000000e+00 -7.500000000000000000e-01 -8.981809765100479126e-02 3.910331800580024719e-02 1.000000000000000000e+00 3.000000000000000000e+00 1.900000000000000000e+01 2.000000000000000000e+01 0.000000000000000000e+00 1.000000000000000000e+00 1.600000000000000000e+01 3.000000000000000000e+00
4.642184534594105827e+01 -2.083749726752220965e+01 -2.397006485764021921e-01 3.000000000000000000e+00 7.900000000000000000e+01 -4.000000000000000000e+00 -9.000000000000000000e+00 -7.500000000000000000e-01 -1.328100413084030151e-01 4.961862042546272278e-02 1.000000000000000000e+00 3.000000000000000000e+00 2.100000000000000000e+01 2.100000000000000000e+01 9.000000000000000000e+00 3.000000000000000000e+00 1.600000000000000000e+01 3.000000000000000000e+00
5.223982379813643462e+01 7.279238239775842167e+00 -2.589529657343470070e-01 3.000000000000000000e+00 8.000000000000000000e+01 2.500000000000000000e+00 -8.750000000000000000e+00 -7.500000000000000000e-01 -2.642682194709777832e-01 -3.615832328796386719e-02 1.000000000000000000e+00 3.000000000000000000e+00 2.000000000000000000e+01 2.000000000000000000e+01 0.000000000000000000e+00 1.000000000000000000e+00 1.600000000000000000e+01 3.000000000000000000e+00
5.309910669503052816e+01 1.126692225168720540e+01 -2.617642909121726258e-01 1.000000000000000000e+00 8.100000000000000000e+01 1.950000000000000000e+01 -8.750000000000000000e+00 -7.500000000000000000e-01 -3.036008775234222412e-01 -6.122618168592453003e-02 1.000000000000000000e+00 3.000000000000000000e+00 1.900000000000000000e+01 2.000000000000000000e+01 0.000000000000000000e+00 1.000000000000000000e+00 1.600000000000000000e+01 3.000000000000000000e+00
5.508997463388902105e+01 1.063729996402881994e+01 -2.663558781084394145e-01 1.000000000000000000e+00 8.200000000000000000e+01 6.500000000000000000e+00 -8.750000000000000000e+00 -7.500000000000000000e-01 -2.941645979881286621e-01 -5.456278845667839050e-02 1.000000000000000000e+00 3.000000000000000000e+00 1.900000000000000000e+01 2.000000000000000000e+01 0.000000000000000000e+00 1.000000000000000000e+00 1.600000000000000000e+01 3.000000000000000000e+00
5.362077979494959834e+01 1.946007986124689282e+01 -2.645952150182691032e-01 3.000000000000000000e+00 8.300000000000000000e+01 3.000000000000000000e+00 -8.500000000000000000e+00 -7.500000000000000000e-01 -1.463029682636260986e-01 -4.917135834693908691e-02 1.000000000000000000e+00 3.000000000000000000e+00 2.000000000000000000e+01 2.000000000000000000e+01 0.000000000000000000e+00 1.000000000000000000e+00 1.600000000000000000e+01 3.000000000000000000e+00
5.706896777615918381e+01 9.207766597135519149e+00 -2.707635613162401311e-01 1.000000000000000000e+00 8.400000000000000000e+01 1.500000000000000000e+01 -8.750000000000000000e+00 -7.500000000000000000e-01 -2.774337530136108398e-01 -4.378251731395721436e-02 1.000000000000000000e+00 3.000000000000000000e+00 1.900000000000000000e+01 1.900000000000000000e+01 9.000000000000000000e+00 3.000000000000000000e+00 1.600000000000000000e+01 3.000000000000000000e+00
5.787481784604862867e+01 9.595846881587455357e+00 -2.727473266898798321e-01 1.000000000000000000e+00 8.500000000000000000e+01 7.500000000000000000e+00 -8.750000000000000000e+00 -7.500000000000000000e-01 -2.800337374210357666e-01 -4.537583142518997192e-02 1.000000000000000000e+00 3.000000000000000000e+00 1.900000000000000000e+01 1.900000000000000000e+01 1.100000000000000000e+01 3.000000000000000000e+00 1.600000000000000000e+01 3.000000000000000000e+00
3.940994291317951337e+01 -4.853646446570535034e+01 -2.177025813852499492e-01 3.000000000000000000e+00 8.600000000000000000e+01 1.150000000000000000e+01 -9.250000000000000000e+00 -5.000000000000000000e-01 -9.504249691963195801e-02 9.645202010869979858e-02 1.000000000000000000e+00 3.000000000000000000e+00 2.100000000000000000e+01 2.100000000000000000e+01 0.000000000000000000e+00 1.000000000000000000e+00 1.800000000000000000e+01 3.000000000000000000e+00
5.967460991433911488e+01 9.569127727341275147e+00 -2.770038797310405698e-01 3.000000000000000000e+00 8.700000000000000000e+01 1.500000000000000000e+00 -8.750000000000000000e+00 -7.500000000000000000e-01 -2.773374915122985840e-01 -4.372438415884971619e-02 1.000000000000000000e+00 3.000000000000000000e+00 1.900000000000000000e+01 2.000000000000000000e+01 1.100000000000000000e+01 3.000000000000000000e+00 1.600000000000000000e+01 3.000000000000000000e+00
6.104179755643492911e+01 7.348588712392563949e+00 -2.798088077174241128e-01 1.000000000000000000e+00 8.800000000000000000e+01 1.600000000000000000e+01 -8.750000000000000000e+00 -7.500000000000000000e-01 -2.547782659530639648e-01 -3.109793365001678467e-02 1.000000000000000000e+00 3.000000000000000000e+00 1.900000000000000000e+01 2.000000000000000000e+01 1.100000000000000000e+01 3.000000000000000000e+00 1.600000000000000000e+01 3.000000000000000000e+00
6.125364672081164485e+01 8.145531988030734638e+00 -2.804656562491379956e-01 1.000000000000000000e+00 8.900000000000000000e+01 1.650000000000000000e+01 -8.750000000000000000e+00 -7.500000000000000000e-01 -2.621043920516967773e-01 -3.497287631034851074e-02 1.000000000000000000e+00 3.000000000000000000e+00 1.900000000000000000e+01 2.000000000000000000e+01 0.000000000000000000e+00 1.000000000000000000e+00 1.600000000000000000e+01 3.000000000000000000e+00
6.263567786572080820e+01 6.924882298910279843e+00 -2.835004643307195149e-01 1.000000000000000000e+00 9.000000000000000000e+01 1.500000000000000000e+00 -8.750000000000000000e+00 -7.500000000000000000e-01 -2.491993606090545654e-01 -2.828555926680564880e-02 1.000000000000000000e+00 3.000000000000000000e+00 1.900000000000000000e+01 2.000000000000000000e+01 1.100000000000000000e+01 3.000000000000000000e+00 1.600000000000000000e+01 3.000000000000000000e+00
6.324262490872948206e+01 -6.085560390222521931e+00 -2.824038350475516213e-01 0.000000000000000000e+00 9.100000000000000000e+01 1.500000000000000000e+00 -1.250000000000000000e+00 0.000000000000000000e+00 7.289017677307128906e+00 -5.280396342277526855e-01 1.000000000000000000e+00 3.000000000000000000e+00 1.900000000000000000e+01 2.000000000000000000e+01 0.000000000000000000e+00 1.000000000000000000e+00 1.600000000000000000e+01 3.000000000000000000e+00
6.216043264663707646e+01 1.533286216739479357e+01 -2.840126068401243598e-01 3.000000000000000000e+00 9.200000000000000000e+01 7.000000000000000000e+00 -8.750000000000000000e+00 -7.500000000000000000e-01 -3.228429257869720459e-01 -7.626578956842422485e-02 1.000000000000000000e+00 3.000000000000000000e+00 1.900000000000000000e+01 2.100000000000000000e+01 0.000000000000000000e+00 1.000000000000000000e+00 1.600000000000000000e+01 3.000000000000000000e+00
6.538678641074436371e+01 1.708516416222059320e+01 -2.919936089061532236e-01 1.000000000000000000e+00 9.300000000000000000e+01 8.000000000000000000e+00 -8.500000000000000000e+00 -7.500000000000000000e-01 -9.529270976781845093e-02 -2.388917095959186554e-02 1.000000000000000000e+00 3.000000000000000000e+00 1.900000000000000000e+01 2.000000000000000000e+01 1.100000000000000000e+01 3.000000000000000000e+00 1.600000000000000000e+01 3.000000000000000000e+00
6.540459860562684469e+01 1.828503078107296886e+01 -2.922694648888523594e-01 3.000000000000000000e+00 9.400000000000000000e+01 9.000000000000000000e+00 -8.500000000000000000e+00 -7.500000000000000000e-01 -1.057062149047851562e-01 -2.825665101408958435e-02 1.000000000000000000e+00 3.000000000000000000e+00 1.900000000000000000e+01 2.000000000000000000e+01 0.000000000000000000e+00 1.000000000000000000e+00 1.600000000000000000e+01 3.000000000000000000e+00
6.861718780097133674e+01 5.635950175715145782e+00 -2.974131542397157046e-01 3.000000000000000000e+00 9.500000000000000000e+01 -5.000000000000000000e-01 -8.750000000000000000e+00 -1.000000000000000000e+00 -2.546347081661224365e-01 -2.256683073937892914e-02 1.000000000000000000e+00 3.000000000000000000e+00 2.000000000000000000e+01 2.100000000000000000e+01 4.000000000000000000e+00 3.000000000000000000e+00 1.600000000000000000e+01 3.000000000000000000e+00
6.907354947718700089e+01 9.429593988775126334e+00 -2.992326057515563020e-01 3.000000000000000000e+00 9.600000000000000000e+01 -3.500000000000000000e+00 -8.750000000000000000e+00 -1.000000000000000000e+00 -2.990092635154724121e-01 -4.131048917770385742e-02 1.000000000000000000e+00 3.000000000000000000e+00 2.000000000000000000e+01 2.200000000000000000e+01 4.000000000000000000e+00 3.000000000000000000e+00 1.600000000000000000e+01 3.000000000000000000e+00
6.719574508633772325e+01 -2.274607677830034547e+01 -2.885197985880521565e-01 3.000000000000000000e+00 9.700000000000000000e+01 7.000000000000000000e+00 -9.000000000000000000e+00 -1.000000000000000000e+00 -1.274595409631729126e-01 3.707603365182876587e-02 1.000000000000000000e+00 3.000000000000000000e+00 1.900000000000000000e+01 2.000000000000000000e+01 0.000000000000000000e+00 1.000000000000000000e+00 1.600000000000000000e+01 3.000000000000000000e+00
7.081991253981708212e+01 5.803271527228718085e+00 -3.026616081189812402e-01 3.000000000000000000e+00 9.800000000000000000e+01 1.650000000000000000e+01 -8.500000000000000000e+00 -1.000000000000000000e+00 -6.646105088293552399e-03 -5.894360365346074104e-04 1.000000000000000000e+00 3.000000000000000000e+00 2.000000000000000000e+01 2.300000000000000000e+01 0.000000000000000000e+00 1.000000000000000000e+00 1.600000000000000000e+01 3.000000000000000000e+00
7.142281192839432435e+01 5.994342912288719738e+00 -3.041264351298180735e-01 3.000000000000000000e+00 9.900000000000000000e+01 -2.000000000000000000e+00 -8.750000000000000000e+00 -1.000000000000000000e+00 -2.564113140106201172e-01 -2.322092093527317047e-02 1.000000000000000000e+00 3.000000000000000000e+00 2.000000000000000000e+01 2.100000000000000000e+01 4.000000000000000000e+00 3.000000000000000000e+00 1.600000000000000000e+01 3.000000000000000000e+00
7.259892369284419544e+01 4.376706553967599334e+00 -3.065963288514801377e-01 0.000000000000000000e+00 1.000000000000000000e+02 1.000000000000000000e+00 7.500000000000000000e-01 0.000000000000000000e+00 9.287079811096191406e+00 6.416952013969421387e-01 1.000000000000000000e+00 1.000000000000000000e+00 2.100000000000000000e+01 2.200000000000000000e+01 0.000000000000000000e+00 1.000000000000000000e+00 1.600000000000000000e+01 3.000000000000000000e+00
7.376316827508244955e+01 1.959158049591513739e+00 -3.088823364071148214e-01 3.000000000000000000e+00 1.010000000000000000e+02 0.000000000000000000e+00 -8.750000000000000000e+00 -1.000000000000000000e+00 -2.075432986021041870e-01 -7.962674833834171295e-03 1.000000000000000000e+00 3.000000000000000000e+00 1.900000000000000000e+01 2.100000000000000000e+01 1.100000000000000000e+01 3.000000000000000000e+00 1.600000000000000000e+01 3.000000000000000000e+00
7.489771821254454665e+01 -2.458169708367174966e+00 -3.107085655662609192e-01 3.000000000000000000e+00 1.020000000000000000e+02 1.700000000000000000e+01 -8.750000000000000000e+00 -1.000000000000000000e+00 -1.551790088415145874e-01 2.460155170410871506e-03 1.000000000000000000e+00 3.000000000000000000e+00 1.900000000000000000e+01 2.000000000000000000e+01 0.000000000000000000e+00 1.000000000000000000e+00 1.600000000000000000e+01 3.000000000000000000e+00
6.866493992527715307e+01 -3.156885667551841834e+01 -2.902804616782224678e-01 3.000000000000000000e+00 1.030000000000000000e+02 2.500000000000000000e+00 -9.000000000000000000e+00 -1.000000000000000000e+00 -2.764325216412544250e-02 1.106455642729997635e-02 1.000000000000000000e+00 3.000000000000000000e+00 2.100000000000000000e+01 2.200000000000000000e+01 0.000000000000000000e+00 1.000000000000000000e+00 1.600000000000000000e+01 3.000000000000000000e+00
6.945891519857828200e+01 -3.198068747030139392e+01 -2.920803230633960967e-01 3.000000000000000000e+00 1.040000000000000000e+02 2.500000000000000000e+00 -9.000000000000000000e+00 -1.000000000000000000e+00 -2.675622142851352692e-02 1.073723752051591873e-02 1.000000000000000000e+00 3.000000000000000000e+00 2.000000000000000000e+01 2.100000000000000000e+01 0.000000000000000000e+00 1.000000000000000000e+00 1.600000000000000000e+01 3.000000000000000000e+00
7.827952341144826676e+01 -3.708507183758300130e+00 -3.184728891094973369e-01 3.000000000000000000e+00 1.050000000000000000e+02 9.000000000000000000e+00 -8.750000000000000000e+00 -1.000000000000000000e+00 -1.420683860778808594e-01 4.158910363912582397e-03 1.000000000000000000e+00 3.000000000000000000e+00 1.900000000000000000e+01 2.000000000000000000e+01 9.000000000000000000e+00 3.000000000000000000e+00 1.600000000000000000e+01 3.000000000000000000e+00
7.305850696369185471e+01 -3.203412589204458527e+01 -3.005934471873871194e-01 3.000000000000000000e+00 1.060000000000000000e+02 -5.000000000000000000e-01 -9.000000000000000000e+00 -1.000000000000000000e+00 -4.225350543856620789e-02 1.619892381131649017e-02 1.000000000000000000e+00 3.000000000000000000e+00 2.100000000000000000e+01 2.200000000000000000e+01 4.000000000000000000e+00 3.000000000000000000e+00 1.600000000000000000e+01 3.000000000000000000e+00
7.222000878924949063e+01 -3.462196461835103634e+01 -2.981039632294427144e-01 3.000000000000000000e+00 1.070000000000000000e+02 -1.500000000000000000e+00 -8.750000000000000000e+00 -1.000000000000000000e+00 2.014003545045852661e-01 -8.454775810241699219e-02 1.000000000000000000e+00 3.000000000000000000e+00 2.100000000000000000e+01 2.200000000000000000e+01 4.000000000000000000e+00 3.000000000000000000e+00 1.600000000000000000e+01 3.000000000000000000e+00
7.840906736019421430e+01 1.849201606751953619e+01 -3.231032674660537785e-01 3.000000000000000000e+00 1.080000000000000000e+02 6.500000000000000000e+00 -8.500000000000000000e+00 -1.000000000000000000e+00 -1.376916319131851196e-01 -3.183715045452117920e-02 1.000000000000000000e+00 3.000000000000000000e+00 1.900000000000000000e+01 2.000000000000000000e+01 0.000000000000000000e+00 1.000000000000000000e+00 1.600000000000000000e+01 3.000000000000000000e+00
5.560027869987784044e+01 -6.277836347054664401e+01 -2.532662794415079244e-01 3.000000000000000000e+00 1.090000000000000000e+02 1.500000000000000000e+01 -9.500000000000000000e+00 -7.500000000000000000e-01 -1.125536337494850159e-01 1.095451340079307556e-01 1.000000000000000000e+00 3.000000000000000000e+00 2.200000000000000000e+01 2.200000000000000000e+01 0.000000000000000000e+00 1.000000000000000000e+00 1.800000000000000000e+01 3.000000000000000000e+00
8.313835059498728697e+01 2.198008354525266550e-01 -3.307432360801826343e-01 3.000000000000000000e+00 1.100000000000000000e+02 4.000000000000000000e+00 -8.750000000000000000e+00 -1.000000000000000000e+00 -1.866978555917739868e-01 -3.104731673374772072e-03 1.000000000000000000e+00 3.000000000000000000e+00 1.900000000000000000e+01 2.100000000000000000e+01 9.000000000000000000e+00 3.000000000000000000e+00 1.600000000000000000e+01 3.000000000000000000e+00
8.094965855622064055e+01 -2.595059360161380724e+01 -3.204638214975252253e-01 3.000000000000000000e+00 1.110000000000000000e+02 5.000000000000000000e-01 -9.000000000000000000e+00 -1.000000000000000000e+00 -1.385637074708938599e-01 3.871632739901542664e-02 1.000000000000000000e+00 3.000000000000000000e+00 2.000000000000000000e+01 2.200000000000000000e+01 0.000000000000000000e+00 1.000000000000000000e+00 1.600000000000000000e+01 3.000000000000000000e+00
8.512624983735291551e+01 -6.097990432203578282e-01 -3.352888473204386766e-01 3.000000000000000000e+00 1.120000000000000000e+02 7.000000000000000000e+00 -8.750000000000000000e+00 -1.000000000000000000e+00 -1.779658794403076172e-01 -1.351150916889309883e-03 1.000000000000000000e+00 3.000000000000000000e+00 1.900000000000000000e+01 2.100000000000000000e+01 0.000000000000000000e+00 1.000000000000000000e+00 1.600000000000000000e+01 3.000000000000000000e+00
8.237622025203742737e+01 -2.417157245254182385e+01 -3.241882705223933514e-01 3.000000000000000000e+00 1.130000000000000000e+02 2.000000000000000000e+00 -9.000000000000000000e+00 -1.000000000000000000e+00 -1.624995023012161255e-01 4.143917933106422424e-02 1.000000000000000000e+00 3.000000000000000000e+00 2.000000000000000000e+01 2.200000000000000000e+01 0.000000000000000000e+00 1.000000000000000000e+00 1.600000000000000000e+01 3.000000000000000000e+00
8.279694986748791052e+01 -2.277766462464343178e+01 -3.254559913694736739e-01 3.000000000000000000e+00 1.140000000000000000e+02 3.500000000000000000e+00 -9.000000000000000000e+00 -1.000000000000000000e+00 -1.790585368871688843e-01 4.268024861812591553e-02 1.000000000000000000e+00 3.000000000000000000e+00 2.000000000000000000e+01 2.200000000000000000e+01 0.000000000000000000e+00 1.000000000000000000e+00 1.600000000000000000e+01 3.000000000000000000e+00
7.856584303492215327e+01 -3.831656797036745843e+01 -3.124108297114591148e-01 3.000000000000000000e+00 1.150000000000000000e+02 4.000000000000000000e+00 -9.250000000000000000e+00 -1.000000000000000000e+00 -2.133093327283859253e-01 9.180714935064315796e-02 1.000000000000000000e+00 3.000000000000000000e+00 2.000000000000000000e+01 2.200000000000000000e+01 0.000000000000000000e+00 1.000000000000000000e+00 1.600000000000000000e+01 3.000000000000000000e+00
8.692604953417600200e+01 -6.365183107173658650e-01 -3.395454184032689060e-01 3.000000000000000000e+00 1.160000000000000000e+02 1.750000000000000000e+01 -8.750000000000000000e+00 -1.000000000000000000e+00 -1.778255403041839600e-01 -1.324232667684555054e-03 1.000000000000000000e+00 3.000000000000000000e+00 1.900000000000000000e+01 2.000000000000000000e+01 0.000000000000000000e+00 1.000000000000000000e+00 1.600000000000000000e+01 3.000000000000000000e+00
8.785468771351821715e+01 -5.450833268314080549e+00 -3.408067511482515410e-01 3.000000000000000000e+00 1.170000000000000000e+02 2.300000000000000000e+01 -8.750000000000000000e+00 -1.000000000000000000e+00 -1.284740567207336426e-01 5.544669926166534424e-03 1.000000000000000000e+00 3.000000000000000000e+00 1.900000000000000000e+01 2.000000000000000000e+01 1.500000000000000000e+01 1.000000000000000000e+00 1.600000000000000000e+01 3.000000000000000000e+00
9.012271626169062699e+01 -8.839970534807536362e-01 -3.470666597993343760e-01 3.000000000000000000e+00 1.180000000000000000e+02 2.050000000000000000e+01 -8.750000000000000000e+00 -1.250000000000000000e+00 -1.768814474344253540e-01 -9.098840528167784214e-04 1.000000000000000000e+00 3.000000000000000000e+00 1.900000000000000000e+01 2.100000000000000000e+01 1.500000000000000000e+01 1.000000000000000000e+00 1.600000000000000000e+01 3.000000000000000000e+00
8.784956873941295896e+01 2.115217301341403910e+01 -3.459756578846623909e-01 3.000000000000000000e+00 1.190000000000000000e+02 3.000000000000000000e+00 -8.500000000000000000e+00 -1.000000000000000000e+00 -1.433714032173156738e-01 -3.409996628761291504e-02 1.000000000000000000e+00 3.000000000000000000e+00 2.000000000000000000e+01 2.200000000000000000e+01 1.600000000000000000e+01 1.000000000000000000e+00 1.600000000000000000e+01 3.000000000000000000e+00
9.192251595851371349e+01 -9.107163209777616730e-01 -3.513232308821646055e-01 3.000000000000000000e+00 1.200000000000000000e+02 8.000000000000000000e+00 -8.750000000000000000e+00 -1.250000000000000000e+00 -1.767676472663879395e-01 -8.927658782340586185e-04 1.000000000000000000e+00 3.000000000000000000e+00 1.900000000000000000e+01 2.100000000000000000e+01 9.000000000000000000e+00 3.000000000000000000e+00 1.600000000000000000e+01 3.000000000000000000e+00
9.313128344366270994e+01 -3.285951850682647390e-01 -3.542988610379739223e-01 3.000000000000000000e+00 1.210000000000000000e+02 7.500000000000000000e+00 -8.750000000000000000e+00 -1.250000000000000000e+00 -1.839859783649444580e-01 -2.019806299358606339e-03 1.000000000000000000e+00 3.000000000000000000e+00 1.900000000000000000e+01 2.100000000000000000e+01 9.000000000000000000e+00 3.000000000000000000e+00 1.600000000000000000e+01 3.000000000000000000e+00
9.502418422396280562e+01 -7.557489717026195208e+00 -3.573732389866067227e-01 3.000000000000000000e+00 1.220000000000000000e+02 9.500000000000000000e+00 -8.750000000000000000e+00 -1.250000000000000000e+00 -9.740029275417327881e-02 5.813519936054944992e-03 1.000000000000000000e+00 3.000000000000000000e+00 1.900000000000000000e+01 2.200000000000000000e+01 1.500000000000000000e+01 1.000000000000000000e+00 1.600000000000000000e+01 3.000000000000000000e+00
9.629530207812607046e+01 -2.775831594911172484e+00 -3.613143840278596475e-01 3.000000000000000000e+00 1.230000000000000000e+02 1.450000000000000000e+01 -8.750000000000000000e+00 -1.250000000000000000e+00 -1.552347093820571899e-01 1.951693557202816010e-03 1.000000000000000000e+00 3.000000000000000000e+00 1.900000000000000000e+01 2.100000000000000000e+01 1.500000000000000000e+01 1.000000000000000000e+00 1.600000000000000000e+01 3.000000000000000000e+00
9.390826493034489886e+01 2.506266814987658265e+01 -3.610837249244577274e-01 3.000000000000000000e+00 1.240000000000000000e+02 5.500000000000000000e+00 -8.500000000000000000e+00 -1.250000000000000000e+00 -2.264496386051177979e-01 -5.965124443173408508e-02 1.000000000000000000e+00 3.000000000000000000e+00 2.000000000000000000e+01 2.200000000000000000e+01 1.600000000000000000e+01 1.000000000000000000e+00 1.600000000000000000e+01 3.000000000000000000e+00
