2.599999904632809500e+00 3.299999952316235774e+00 4.411310596875682738e-16 3.000000000000000000e+00 0.000000000000000000e+00 5.000000000000000000e-01 -8.000000000000000000e+00 0.000000000000000000e+00 2.514393627643585205e-02 3.191345557570457458e-02 1.000000000000000000e+00 3.000000000000000000e+00 1.900000000000000000e+01 1.900000000000000000e+01 0.000000000000000000e+00 1.000000000000000000e+00 1.800000000000000000e+01 3.000000000000000000e+00
3.000000000000241585e+00 3.499999999999952038e+00 4.408418435291017335e-16 1.000000000000000000e+00 1.000000000000000000e+00 -2.500000000000000000e+00 -8.250000000000000000e+00 0.000000000000000000e+00 -7.925433665513992310e-02 -9.246338903903961182e-02 1.000000000000000000e+00 3.000000000000000000e+00 1.900000000000000000e+01 1.900000000000000000e+01 0.000000000000000000e+00 1.000000000000000000e+00 1.700000000000000000e+01 3.000000000000000000e+00
8.199999809265381856e+00 -8.100000381469786959e+00 4.447375787699032041e-16 1.000000000000000000e+00 2.000000000000000000e+00 -5.000000000000000000e-01 -8.250000000000000000e+00 -2.500000000000000000e-01 7.483182707801461220e-04 -7.391925319097936153e-04 1.000000000000000000e+00 3.000000000000000000e+00 1.900000000000000000e+01 1.900000000000000000e+01 0.000000000000000000e+00 1.000000000000000000e+00 1.700000000000000000e+01 3.000000000000000000e+00
9.399999618530522127e+00 -8.100000381469786959e+00 4.441934042827473558e-16 1.000000000000000000e+00 3.000000000000000000e+00 -2.500000000000000000e+00 -8.250000000000000000e+00 -2.500000000000000000e-01 -1.528331357985734940e-02 1.316966488957405090e-02 1.000000000000000000e+00 3.000000000000000000e+00 1.900000000000000000e+01 1.900000000000000000e+01 0.000000000000000000e+00 1.000000000000000000e+00 1.700000000000000000e+01 3.000000000000000000e+00
9.800000190735111971e+00 -8.100000381469786959e+00 4.440120124987147220e-16 1.000000000000000000e+00 4.000000000000000000e+00 -4.000000000000000000e+00 -8.250000000000000000e+00 -2.500000000000000000e-01 -2.048081159591674805e-02 1.692801713943481445e-02 1.000000000000000000e+00 3.000000000000000000e+00 1.900000000000000000e+01 1.900000000000000000e+01 0.000000000000000000e+00 1.000000000000000000e+00 1.700000000000000000e+01 3.000000000000000000e+00
1.160000038146997525e+01 7.499999999999956479e+00 4.347854342790470462e-16 1.000000000000000000e+00 5.000000000000000000e+00 5.000000000000000000e-01 -8.250000000000000000e+00 -2.500000000000000000e-01 -2.558842003345489502e-01 -1.654423773288726807e-01 1.000000000000000000e+00 3.000000000000000000e+00 1.900000000000000000e+01 1.900000000000000000e+01 0.000000000000000000e+00 1.000000000000000000e+00 1.700000000000000000e+01 3.000000000000000000e+00
1.200000000000024869e+01 -8.300000190734923677e+00 4.431221836623163762e-16 1.000000000000000000e+00 6.000000000000000000e+00 1.050000000000000000e+01 -8.250000000000000000e+00 -2.500000000000000000e-01 -4.365262389183044434e-02 3.019306436181068420e-02 1.000000000000000000e+00 3.000000000000000000e+00 1.900000000000000000e+01 1.900000000000000000e+01 0.000000000000000000e+00 1.000000000000000000e+00 1.700000000000000000e+01 3.000000000000000000e+00
1.319999980926538896e+01 -8.300000190734923677e+00 4.425780091751605279e-16 1.000000000000000000e+00 7.000000000000000000e+00 1.300000000000000000e+01 -8.250000000000000000e+00 -2.500000000000000000e-01 -5.629564076662063599e-02 3.539801388978958130e-02 1.000000000000000000e+00 3.000000000000000000e+00 1.900000000000000000e+01 1.900000000000000000e+01 0.000000000000000000e+00 1.000000000000000000e+00 1.700000000000000000e+01 3.000000000000000000e+00
1.419999980926538896e+01 -8.500000000000060396e+00 4.422323548259179811e-16 1.000000000000000000e+00 8.000000000000000000e+00 8.500000000000000000e+00 -8.250000000000000000e+00 -2.500000000000000000e-01 -6.278719007968902588e-02 3.758388012647628784e-02 1.000000000000000000e+00 3.000000000000000000e+00 1.900000000000000000e+01 1.900000000000000000e+01 1.100000000000000000e+01 3.000000000000000000e+00 1.700000000000000000e+01 3.000000000000000000e+00
1.480000019073511552e+01 -8.500000000000060396e+00 4.419602673661045068e-16 1.000000000000000000e+00 9.000000000000000000e+00 5.000000000000000000e+00 -8.250000000000000000e+00 -2.500000000000000000e-01 -6.819868087768554688e-02 3.916815668344497681e-02 1.000000000000000000e+00 3.000000000000000000e+00 1.900000000000000000e+01 1.900000000000000000e+01 0.000000000000000000e+00 1.000000000000000000e+00 1.600000000000000000e+01 3.000000000000000000e+00
1.560000038146997881e+01 -8.100000381469786959e+00 4.413818353062452208e-16 1.000000000000000000e+00 1.000000000000000000e+01 -3.500000000000000000e+00 -8.250000000000000000e+00 -2.500000000000000000e-01 -8.110818266868591309e-02 4.211386665701866150e-02 1.000000000000000000e+00 3.000000000000000000e+00 2.000000000000000000e+01 1.900000000000000000e+01 0.000000000000000000e+00 1.000000000000000000e+00 1.600000000000000000e+01 3.000000000000000000e+00
1.519999980926538896e+01 -9.699999809265198891e+00 4.424258233014856729e-16 1.000000000000000000e+00 1.100000000000000000e+01 1.300000000000000000e+01 -8.250000000000000000e+00 -2.500000000000000000e-01 -5.433607473969459534e-02 3.467499464750289917e-02 1.000000000000000000e+00 3.000000000000000000e+00 1.900000000000000000e+01 1.900000000000000000e+01 0.000000000000000000e+00 1.000000000000000000e+00 1.700000000000000000e+01 3.000000000000000000e+00
1.460000038146997881e+01 1.130000019073482420e+01 4.313763310078135790e-16 3.000000000000000000e+00 1.200000000000000000e+01 -3.500000000000000000e+00 -8.250000000000000000e+00 -2.500000000000000000e-01 -2.446823716163635254e-01 -1.893774420022964478e-01 1.000000000000000000e+00 3.000000000000000000e+00 1.900000000000000000e+01 1.900000000000000000e+01 0.000000000000000000e+00 1.000000000000000000e+00 1.700000000000000000e+01 3.000000000000000000e+00
1.639999961853052568e+01 -9.500000000000062172e+00 4.417738243521973144e-16 1.000000000000000000e+00 1.300000000000000000e+01 -3.000000000000000000e+00 -8.250000000000000000e+00 -2.500000000000000000e-01 -6.708268076181411743e-02 3.885886818170547485e-02 1.000000000000000000e+00 3.000000000000000000e+00 2.000000000000000000e+01 1.900000000000000000e+01 9.000000000000000000e+00 3.000000000000000000e+00 1.700000000000000000e+01 3.000000000000000000e+00
1.700000000000025224e+01 -8.500000000000060396e+00 4.409626140675736508e-16 1.000000000000000000e+00 1.400000000000000000e+01 -5.000000000000000000e-01 -8.250000000000000000e+00 -2.500000000000000000e-01 -8.580996841192245483e-02 4.290498420596122742e-02 1.000000000000000000e+00 3.000000000000000000e+00 1.900000000000000000e+01 1.900000000000000000e+01 0.000000000000000000e+00 1.000000000000000000e+00 1.600000000000000000e+01 3.000000000000000000e+00
1.920000076293970892e+01 -5.900000095367490260e+00 4.385632410434798922e-16 0.000000000000000000e+00 1.500000000000000000e+01 1.050000000000000000e+01 -5.750000000000000000e+00 0.000000000000000000e+00 2.076843738555908203e+00 -6.381967663764953613e-01 1.000000000000000000e+00 3.000000000000000000e+00 1.900000000000000000e+01 1.900000000000000000e+01 0.000000000000000000e+00 1.000000000000000000e+00 1.600000000000000000e+01 3.000000000000000000e+00
1.879999923706080267e+01 -8.100000381469786959e+00 4.399307036288104083e-16 1.000000000000000000e+00 1.600000000000000000e+01 5.000000000000000000e-01 -8.250000000000000000e+00 -2.500000000000000000e-01 -1.034698188304901123e-01 4.458008334040641785e-02 1.000000000000000000e+00 3.000000000000000000e+00 2.000000000000000000e+01 1.900000000000000000e+01 0.000000000000000000e+00 1.000000000000000000e+00 1.600000000000000000e+01 3.000000000000000000e+00
1.900000000000025580e+01 -9.300000190734925454e+00 4.404869548075012653e-16 0.000000000000000000e+00 1.700000000000000000e+01 -1.500000000000000000e+00 -5.750000000000000000e+00 -2.500000000000000000e-01 1.928380727767944336e+00 -9.438916444778442383e-01 1.000000000000000000e+00 3.000000000000000000e+00 2.000000000000000000e+01 2.000000000000000000e+01 0.000000000000000000e+00 1.000000000000000000e+00 1.600000000000000000e+01 3.000000000000000000e+00
1.879999923706080267e+01 -9.699999809265198891e+00 4.407932998400181773e-16 1.000000000000000000e+00 1.800000000000000000e+01 0.000000000000000000e+00 -8.250000000000000000e+00 -2.500000000000000000e-01 -8.190155774354934692e-02 4.225772246718406677e-02 1.000000000000000000e+00 3.000000000000000000e+00 2.000000000000000000e+01 1.900000000000000000e+01 9.000000000000000000e+00 3.000000000000000000e+00 1.600000000000000000e+01 3.000000000000000000e+00
2.020000076293970892e+01 -7.099999904632627867e+00 4.387567095190475840e-16 0.000000000000000000e+00 1.900000000000000000e+01 8.500000000000000000e+00 -5.750000000000000000e+00 0.000000000000000000e+00 2.021962404251098633e+00 -7.106897234916687012e-01 1.000000000000000000e+00 3.000000000000000000e+00 1.900000000000000000e+01 1.900000000000000000e+01 1.100000000000000000e+01 3.000000000000000000e+00 1.600000000000000000e+01 3.000000000000000000e+00
2.039999961853052923e+01 7.300000190734819761e+00 4.309026455470560339e-16 1.000000000000000000e+00 2.000000000000000000e+01 -3.500000000000000000e+00 -8.000000000000000000e+00 -2.500000000000000000e-01 -4.298755899071693420e-02 -1.538280397653579712e-02 1.000000000000000000e+00 3.000000000000000000e+00 2.000000000000000000e+01 1.900000000000000000e+01 0.000000000000000000e+00 1.000000000000000000e+00 1.600000000000000000e+01 3.000000000000000000e+00
2.139999961853052923e+01 -5.900000095367490260e+00 4.375655881774200874e-16 0.000000000000000000e+00 2.100000000000000000e+01 1.000000000000000000e+00 -5.750000000000000000e+00 0.000000000000000000e+00 2.113186597824096680e+00 -5.826075077056884766e-01 1.000000000000000000e+00 1.000000000000000000e+00 1.900000000000000000e+01 1.900000000000000000e+01 0.000000000000000000e+00 1.000000000000000000e+00 1.600000000000000000e+01 3.000000000000000000e+00
2.200000000000025935e+01 6.099999904632523062e+00 4.308240268198840459e-16 1.000000000000000000e+00 2.200000000000000000e+01 0.000000000000000000e+00 -8.000000000000000000e+00 -2.500000000000000000e-01 -2.835166081786155701e-02 -7.861142046749591827e-03 1.000000000000000000e+00 3.000000000000000000e+00 1.900000000000000000e+01 1.900000000000000000e+01 0.000000000000000000e+00 1.000000000000000000e+00 1.600000000000000000e+01 3.000000000000000000e+00
2.260000038146998591e+01 -5.900000095367490260e+00 4.370214132577931387e-16 0.000000000000000000e+00 2.300000000000000000e+01 -2.000000000000000000e+00 -5.750000000000000000e+00 0.000000000000000000e+00 2.129102945327758789e+00 -5.558277964591979980e-01 1.000000000000000000e+00 1.000000000000000000e+00 1.900000000000000000e+01 1.900000000000000000e+01 9.000000000000000000e+00 3.000000000000000000e+00 1.600000000000000000e+01 3.000000000000000000e+00
2.160000038146998236e+01 8.899999618530230805e+00 4.294958744162213161e-16 1.000000000000000000e+00 2.400000000000000000e+01 1.000000000000000000e+00 -8.250000000000000000e+00 -2.500000000000000000e-01 -2.654982209205627441e-01 -1.093950942158699036e-01 1.000000000000000000e+00 3.000000000000000000e+00 1.900000000000000000e+01 1.900000000000000000e+01 0.000000000000000000e+00 1.000000000000000000e+00 1.600000000000000000e+01 3.000000000000000000e+00
2.000000000000025580e+01 1.249999999999996270e+01 4.282805983124340121e-16 1.000000000000000000e+00 2.500000000000000000e+01 -5.000000000000000000e+00 -7.750000000000000000e+00 -2.500000000000000000e-01 1.020790040493011475e-01 6.379937380552291870e-02 1.000000000000000000e+00 3.000000000000000000e+00 2.000000000000000000e+01 2.000000000000000000e+01 1.100000000000000000e+01 3.000000000000000000e+00 1.700000000000000000e+01 3.000000000000000000e+00
1.960000038146998236e+01 1.410000038146969104e+01 4.275993929386401872e-16 3.000000000000000000e+00 2.600000000000000000e+01 -2.000000000000000000e+00 -7.750000000000000000e+00 -2.500000000000000000e-01 7.967754453420639038e-02 5.731905251741409302e-02 1.000000000000000000e+00 3.000000000000000000e+00 1.900000000000000000e+01 1.900000000000000000e+01 0.000000000000000000e+00 1.000000000000000000e+00 1.700000000000000000e+01 3.000000000000000000e+00
2.120000076293970892e+01 1.130000019073482420e+01 4.283833706797498121e-16 1.000000000000000000e+00 2.700000000000000000e+01 -5.000000000000000000e+00 -8.000000000000000000e+00 -2.500000000000000000e-01 -6.817360967397689819e-02 -3.633781895041465759e-02 1.000000000000000000e+00 3.000000000000000000e+00 2.000000000000000000e+01 2.000000000000000000e+01 4.000000000000000000e+00 3.000000000000000000e+00 1.600000000000000000e+01 3.000000000000000000e+00
2.379999923706080622e+01 3.499999999999951594e+00 4.314094845984776259e-16 1.000000000000000000e+00 2.800000000000000000e+01 -4.500000000000000000e+00 -8.000000000000000000e+00 -2.500000000000000000e-01 -1.472707837820053101e-03 -2.165746991522610188e-04 1.000000000000000000e+00 3.000000000000000000e+00 1.900000000000000000e+01 1.900000000000000000e+01 4.000000000000000000e+00 3.000000000000000000e+00 1.600000000000000000e+01 3.000000000000000000e+00
2.100000000000025580e+01 1.230000019073482598e+01 4.279349439631914653e-16 1.000000000000000000e+00 2.900000000000000000e+01 -1.000000000000000000e+00 -8.000000000000000000e+00 -2.500000000000000000e-01 -7.392735034227371216e-02 -4.330030083656311035e-02 1.000000000000000000e+00 3.000000000000000000e+00 2.000000000000000000e+01 1.900000000000000000e+01 0.000000000000000000e+00 1.000000000000000000e+00 1.700000000000000000e+01 3.000000000000000000e+00
2.220000076293971247e+01 1.089999961853023436e+01 4.281455413067874139e-16 1.000000000000000000e+00 3.000000000000000000e+01 -1.500000000000000000e+00 -8.000000000000000000e+00 -2.500000000000000000e-01 -6.298897415399551392e-02 -3.092701733112335205e-02 1.000000000000000000e+00 3.000000000000000000e+00 1.900000000000000000e+01 1.900000000000000000e+01 0.000000000000000000e+00 1.000000000000000000e+00 1.600000000000000000e+01 3.000000000000000000e+00
2.300000000000025935e+01 1.110000038146968748e+01 4.276749336273841494e-16 1.000000000000000000e+00 3.100000000000000000e+01 3.000000000000000000e+00 -8.000000000000000000e+00 -2.500000000000000000e-01 -6.188996881246566772e-02 -2.986863814294338226e-02 1.000000000000000000e+00 3.000000000000000000e+00 1.900000000000000000e+01 1.900000000000000000e+01 0.000000000000000000e+00 1.000000000000000000e+00 1.600000000000000000e+01 3.000000000000000000e+00
2.539999961853053279e+01 3.700000047683667415e+00 4.305760937366196871e-16 1.000000000000000000e+00 3.200000000000000000e+01 -5.000000000000000000e-01 -8.250000000000000000e+00 -2.500000000000000000e-01 -2.459757775068283081e-01 -3.583111986517906189e-02 1.000000000000000000e+00 3.000000000000000000e+00 1.900000000000000000e+01 1.900000000000000000e+01 9.000000000000000000e+00 3.000000000000000000e+00 1.600000000000000000e+01 3.000000000000000000e+00
2.000000000000025580e+01 -1.750000000000007461e+01 4.444542830567404299e-16 1.000000000000000000e+00 3.300000000000000000e+01 -2.500000000000000000e+00 -8.250000000000000000e+00 -2.500000000000000000e-01 -1.340478006750345230e-02 1.172918267548084259e-02 1.000000000000000000e+00 3.000000000000000000e+00 2.000000000000000000e+01 2.000000000000000000e+01 0.000000000000000000e+00 1.000000000000000000e+00 1.700000000000000000e+01 3.000000000000000000e+00
2.560000038146998591e+01 -9.500000000000062172e+00 4.376018189415700085e-16 1.000000000000000000e+00 3.400000000000000000e+01 -3.500000000000000000e+00 -8.250000000000000000e+00 -2.500000000000000000e-01 -1.195363402366638184e-01 4.435918852686882019e-02 1.000000000000000000e+00 3.000000000000000000e+00 2.000000000000000000e+01 2.000000000000000000e+01 4.000000000000000000e+00 3.000000000000000000e+00 1.600000000000000000e+01 3.000000000000000000e+00
2.760000038146998946e+01 2.099999904632518177e+00 4.304410366024361917e-16 0.000000000000000000e+00 3.500000000000000000e+01 2.750000000000000000e+01 -3.500000000000000000e+00 0.000000000000000000e+00 4.507245063781738281e+00 3.429425060749053955e-01 1.000000000000000000e+00 3.000000000000000000e+00 1.900000000000000000e+01 1.900000000000000000e+01 0.000000000000000000e+00 1.000000000000000000e+00 1.600000000000000000e+01 3.000000000000000000e+00
2.839999961853053634e+01 5.699999809265091422e+00 4.281374117814110349e-16 1.000000000000000000e+00 3.600000000000000000e+01 1.250000000000000000e+01 -8.250000000000000000e+00 -5.000000000000000000e-01 -3.014941513538360596e-01 -6.051114574074745178e-02 1.000000000000000000e+00 3.000000000000000000e+00 1.900000000000000000e+01 1.900000000000000000e+01 0.000000000000000000e+00 1.000000000000000000e+00 1.600000000000000000e+01 3.000000000000000000e+00
2.900000000000026290e+01 1.700000047683665638e+00 4.300218154923015190e-16 0.000000000000000000e+00 3.700000000000000000e+01 -3.500000000000000000e+00 -3.500000000000000000e+00 0.000000000000000000e+00 4.517342090606689453e+00 2.648096978664398193e-01 1.000000000000000000e+00 0.000000000000000000e+00 1.900000000000000000e+01 1.900000000000000000e+01 6.000000000000000000e+00 6.000000000000000000e+00 1.600000000000000000e+01 3.000000000000000000e+00
2.720000076293971603e+01 -1.010000038146979051e+01 4.371997265709266955e-16 1.000000000000000000e+00 3.800000000000000000e+01 5.500000000000000000e+00 -8.250000000000000000e+00 -5.000000000000000000e-01 -3.789160773158073425e-02 1.407004613429307938e-02 1.000000000000000000e+00 3.000000000000000000e+00 1.900000000000000000e+01 1.900000000000000000e+01 0.000000000000000000e+00 1.000000000000000000e+00 1.600000000000000000e+01 3.000000000000000000e+00
2.600000000000025935e+01 1.489999961853023791e+01 4.242658308702982713e-16 1.000000000000000000e+00 3.900000000000000000e+01 -1.500000000000000000e+00 -8.000000000000000000e+00 -2.500000000000000000e-01 -7.262206822633743286e-02 -4.161803051829338074e-02 1.000000000000000000e+00 3.000000000000000000e+00 1.900000000000000000e+01 1.900000000000000000e+01 0.000000000000000000e+00 1.000000000000000000e+00 1.700000000000000000e+01 3.000000000000000000e+00
2.560000038146998591e+01 -1.789999961853034804e+01 4.421304504643167896e-16 3.000000000000000000e+00 4.000000000000000000e+01 4.500000000000000000e+00 -8.500000000000000000e+00 -2.500000000000000000e-01 -2.101223021745681763e-01 1.469214707612991333e-01 1.000000000000000000e+00 3.000000000000000000e+00 2.000000000000000000e+01 2.000000000000000000e+01 0.000000000000000000e+00 1.000000000000000000e+00 1.700000000000000000e+01 3.000000000000000000e+00
3.020000076293971958e+01 7.900000095367388120e+00 4.261350790331438793e-16 1.000000000000000000e+00 4.100000000000000000e+01 1.450000000000000000e+01 -8.250000000000000000e+00 -5.000000000000000000e-01 -3.205009698867797852e-01 -8.383966237306594849e-02 1.000000000000000000e+00 3.000000000000000000e+00 1.900000000000000000e+01 1.900000000000000000e+01 0.000000000000000000e+00 1.000000000000000000e+00 1.600000000000000000e+01 3.000000000000000000e+00
2.820000076293971603e+01 1.449999999999996447e+01 4.234838260635613353e-16 3.000000000000000000e+00 4.200000000000000000e+01 -5.000000000000000000e+00 -8.000000000000000000e+00 -5.000000000000000000e-01 -1.675832569599151611e-01 -8.616869151592254639e-02 1.000000000000000000e+00 3.000000000000000000e+00 2.000000000000000000e+01 2.000000000000000000e+01 4.000000000000000000e+00 3.000000000000000000e+00 1.600000000000000000e+01 3.000000000000000000e+00
2.700000000000026290e+01 1.670000076293941760e+01 4.228419303572877075e-16 1.000000000000000000e+00 4.300000000000000000e+01 -2.000000000000000000e+00 -8.500000000000000000e+00 -5.000000000000000000e-01 -5.505936741828918457e-01 -3.405523896217346191e-01 1.000000000000000000e+00 3.000000000000000000e+00 2.000000000000000000e+01 2.000000000000000000e+01 4.000000000000000000e+00 3.000000000000000000e+00 1.700000000000000000e+01 3.000000000000000000e+00
3.079999923706081333e+01 -8.899999618530335610e+00 4.349202557408399131e-16 3.000000000000000000e+00 4.400000000000000000e+01 5.000000000000000000e-01 -7.750000000000000000e+00 -5.000000000000000000e-01 3.857254385948181152e-01 -1.114596202969551086e-01 1.000000000000000000e+00 3.000000000000000000e+00 2.000000000000000000e+01 2.000000000000000000e+01 1.600000000000000000e+01 1.000000000000000000e+00 1.600000000000000000e+01 3.000000000000000000e+00
2.679999923706080978e+01 1.829999923706051490e+01 4.220700307684794193e-16 3.000000000000000000e+00 4.500000000000000000e+01 -4.500000000000000000e+00 -7.750000000000000000e+00 -5.000000000000000000e-01 -2.840445935726165771e-02 -1.939558051526546478e-02 1.000000000000000000e+00 3.000000000000000000e+00 2.000000000000000000e+01 2.000000000000000000e+01 4.000000000000000000e+00 3.000000000000000000e+00 1.700000000000000000e+01 3.000000000000000000e+00
3.379999923706081688e+01 -7.300000190734923677e+00 4.326972230955070224e-16 0.000000000000000000e+00 4.600000000000000000e+01 2.050000000000000000e+01 -3.750000000000000000e+00 0.000000000000000000e+00 4.084886550903320312e+00 -8.822388052940368652e-01 1.000000000000000000e+00 3.000000000000000000e+00 1.900000000000000000e+01 1.900000000000000000e+01 9.000000000000000000e+00 3.000000000000000000e+00 1.600000000000000000e+01 3.000000000000000000e+00
3.120000076293971958e+01 -1.629999923706061793e+01 4.387283722222727214e-16 0.000000000000000000e+00 4.700000000000000000e+01 2.500000000000000000e+00 -3.750000000000000000e+00 0.000000000000000000e+00 3.352186918258666992e+00 -1.751302599906921387e+00 1.000000000000000000e+00 3.000000000000000000e+00 2.100000000000000000e+01 2.100000000000000000e+01 0.000000000000000000e+00 1.000000000000000000e+00 1.600000000000000000e+01 3.000000000000000000e+00
3.540000152587917626e+01 4.300000190734816208e+00 4.257178309859187928e-16 0.000000000000000000e+00 4.800000000000000000e+01 -1.000000000000000000e+00 -3.000000000000000000e+00 0.000000000000000000e+00 4.961364269256591797e+00 6.026515364646911621e-01 1.000000000000000000e+00 1.000000000000000000e+00 2.000000000000000000e+01 1.900000000000000000e+01 0.000000000000000000e+00 1.000000000000000000e+00 1.600000000000000000e+01 3.000000000000000000e+00
3.500000000000027001e+01 -6.900000095367491149e+00 4.319373989945412095e-16 0.000000000000000000e+00 4.900000000000000000e+01 1.250000000000000000e+01 -3.750000000000000000e+00 0.000000000000000000e+00 4.115970611572265625e+00 -8.114342093467712402e-01 1.000000000000000000e+00 3.000000000000000000e+00 1.900000000000000000e+01 1.900000000000000000e+01 1.100000000000000000e+01 3.000000000000000000e+00 1.600000000000000000e+01 3.000000000000000000e+00
3.679999923706082399e+01 6.300000190734817984e+00 4.240047160383039261e-16 1.000000000000000000e+00 5.000000000000000000e+01 1.400000000000000000e+01 -8.250000000000000000e+00 -5.000000000000000000e-01 -2.911508381366729736e-01 -4.984375834465026855e-02 1.000000000000000000e+00 3.000000000000000000e+00 1.900000000000000000e+01 1.900000000000000000e+01 0.000000000000000000e+00 1.000000000000000000e+00 1.600000000000000000e+01 3.000000000000000000e+00
3.679999923706082399e+01 -8.500000000000062172e+00 4.319837339483246002e-16 0.000000000000000000e+00 5.100000000000000000e+01 2.850000000000000000e+01 -3.750000000000000000e+00 0.000000000000000000e+00 4.058497905731201172e+00 -9.374248385429382324e-01 1.000000000000000000e+00 3.000000000000000000e+00 1.900000000000000000e+01 1.900000000000000000e+01 0.000000000000000000e+00 1.000000000000000000e+00 1.600000000000000000e+01 3.000000000000000000e+00
2.900000000000026290e+01 -2.610000038146980827e+01 4.450094302533918961e-16 0.000000000000000000e+00 5.200000000000000000e+01 9.000000000000000000e+00 -3.500000000000000000e+00 0.000000000000000000e+00 2.490002632141113281e+00 -2.241002559661865234e+00 1.000000000000000000e+00 1.000000000000000000e+00 1.900000000000000000e+01 1.900000000000000000e+01 1.600000000000000000e+01 1.000000000000000000e+00 1.700000000000000000e+01 3.000000000000000000e+00
3.279999923706081688e+01 -2.089999961853035160e+01 4.404827720158124156e-16 1.000000000000000000e+00 5.300000000000000000e+01 -3.500000000000000000e+00 -8.250000000000000000e+00 -5.000000000000000000e-01 5.876147374510765076e-02 -3.744252398610115051e-02 1.000000000000000000e+00 3.000000000000000000e+00 2.000000000000000000e+01 2.000000000000000000e+01 4.000000000000000000e+00 3.000000000000000000e+00 1.700000000000000000e+01 3.000000000000000000e+00
3.859999847412137086e+01 -8.699999809265198891e+00 4.312752968959589374e-16 0.000000000000000000e+00 5.400000000000000000e+01 6.000000000000000000e+00 -3.750000000000000000e+00 0.000000000000000000e+00 4.068494319915771484e+00 -9.169923067092895508e-01 1.000000000000000000e+00 3.000000000000000000e+00 1.900000000000000000e+01 1.900000000000000000e+01 0.000000000000000000e+00 1.000000000000000000e+00 1.600000000000000000e+01 3.000000000000000000e+00
4.020000076293973024e+01 -4.500000000000056843e+00 4.282854139984548394e-16 0.000000000000000000e+00 5.500000000000000000e+01 2.300000000000000000e+01 2.750000000000000000e+00 0.000000000000000000e+00 1.064486026763916016e+01 -1.191588759422302246e+00 1.000000000000000000e+00 3.000000000000000000e+00 1.900000000000000000e+01 1.900000000000000000e+01 0.000000000000000000e+00 1.000000000000000000e+00 1.600000000000000000e+01 3.000000000000000000e+00
3.979999923706082399e+01 -8.899999618530335610e+00 4.308389464384644989e-16 0.000000000000000000e+00 5.600000000000000000e+01 1.050000000000000000e+01 -3.750000000000000000e+00 0.000000000000000000e+00 4.071619987487792969e+00 -9.104879498481750488e-01 1.000000000000000000e+00 3.000000000000000000e+00 1.900000000000000000e+01 1.900000000000000000e+01 0.000000000000000000e+00 1.000000000000000000e+00 1.600000000000000000e+01 3.000000000000000000e+00
4.120000076293973024e+01 6.999999880790193085e-01 4.250284965044935297e-16 1.000000000000000000e+00 5.700000000000000000e+01 -4.000000000000000000e+00 -8.250000000000000000e+00 -5.000000000000000000e-01 -2.266915440559387207e-01 -3.851555287837982178e-03 1.000000000000000000e+00 3.000000000000000000e+00 2.000000000000000000e+01 2.000000000000000000e+01 4.000000000000000000e+00 3.000000000000000000e+00 1.600000000000000000e+01 3.000000000000000000e+00
4.159999847412137086e+01 -4.900000095367489372e+00 4.278661938817992648e-16 0.000000000000000000e+00 5.800000000000000000e+01 7.500000000000000000e+00 2.750000000000000000e+00 0.000000000000000000e+00 1.063059806823730469e+01 -1.252161860466003418e+00 1.000000000000000000e+00 3.000000000000000000e+00 1.900000000000000000e+01 1.900000000000000000e+01 1.100000000000000000e+01 3.000000000000000000e+00 1.600000000000000000e+01 3.000000000000000000e+00
4.120000076293973024e+01 -8.699999809265198891e+00 4.300962509484531483e-16 0.000000000000000000e+00 5.900000000000000000e+01 -1.500000000000000000e+00 -3.750000000000000000e+00 0.000000000000000000e+00 4.093047618865966797e+00 -8.643085360527038574e-01 1.000000000000000000e+00 3.000000000000000000e+00 1.900000000000000000e+01 1.900000000000000000e+01 1.100000000000000000e+01 3.000000000000000000e+00 1.600000000000000000e+01 3.000000000000000000e+00
4.300000000000027711e+01 -5.099999904632626091e+00 4.273391473160529346e-16 0.000000000000000000e+00 6.000000000000000000e+01 -1.000000000000000000e+00 2.750000000000000000e+00 0.000000000000000000e+00 1.062855339050292969e+01 -1.260595917701721191e+00 1.000000000000000000e+00 3.000000000000000000e+00 1.900000000000000000e+01 2.000000000000000000e+01 4.000000000000000000e+00 3.000000000000000000e+00 1.600000000000000000e+01 3.000000000000000000e+00
4.320000076293973024e+01 -1.700000047683769999e+00 4.254154336805684588e-16 1.000000000000000000e+00 6.100000000000000000e+01 1.000000000000000000e+01 -8.250000000000000000e+00 -5.000000000000000000e-01 -1.998016238212585449e-01 7.862563244998455048e-03 1.000000000000000000e+00 3.000000000000000000e+00 1.900000000000000000e+01 1.900000000000000000e+01 0.000000000000000000e+00 1.000000000000000000e+00 1.600000000000000000e+01 3.000000000000000000e+00
3.379999923706081688e+01 -2.770000076293953839e+01 4.436953290301239104e-16 3.000000000000000000e+00 6.200000000000000000e+01 0.000000000000000000e+00 -8.500000000000000000e+00 -5.000000000000000000e-01 -4.854659363627433777e-02 3.978522866964340210e-02 1.000000000000000000e+00 3.000000000000000000e+00 2.100000000000000000e+01 2.100000000000000000e+01 1.600000000000000000e+01 1.000000000000000000e+00 1.700000000000000000e+01 3.000000000000000000e+00
4.240000152587918336e+01 -1.230000019073492901e+01 4.314929184038020350e-16 3.000000000000000000e+00 6.300000000000000000e+01 1.000000000000000000e+00 -8.500000000000000000e+00 -5.000000000000000000e-01 -3.057965636253356934e-01 8.870986104011535645e-02 1.000000000000000000e+00 3.000000000000000000e+00 1.900000000000000000e+01 1.900000000000000000e+01 1.600000000000000000e+01 1.000000000000000000e+00 1.600000000000000000e+01 3.000000000000000000e+00
4.259999847412137086e+01 1.149999999999996092e+01 4.185711006921219208e-16 3.000000000000000000e+00 6.400000000000000000e+01 5.000000000000000000e-01 -8.000000000000000000e+00 -5.000000000000000000e-01 -8.984093368053436279e-02 -2.425283566117286682e-02 1.000000000000000000e+00 3.000000000000000000e+00 1.900000000000000000e+01 1.900000000000000000e+01 0.000000000000000000e+00 1.000000000000000000e+00 1.600000000000000000e+01 3.000000000000000000e+00
4.440000152587919047e+01 -1.500000000000054179e+00 4.247634341702721027e-16 1.000000000000000000e+00 6.500000000000000000e+01 -1.000000000000000000e+00 -8.250000000000000000e+00 -5.000000000000000000e-01 -2.025138437747955322e-01 6.841683294624090195e-03 1.000000000000000000e+00 3.000000000000000000e+00 1.900000000000000000e+01 1.900000000000000000e+01 4.000000000000000000e+00 3.000000000000000000e+00 1.600000000000000000e+01 3.000000000000000000e+00
4.220000076293973024e+01 -1.829999923706062148e+01 4.348183509467676211e-16 1.000000000000000000e+00 6.600000000000000000e+01 6.000000000000000000e+00 -8.500000000000000000e+00 -5.000000000000000000e-01 -2.219105064868927002e-01 9.623133391141891479e-02 1.000000000000000000e+00 3.000000000000000000e+00 1.900000000000000000e+01 1.900000000000000000e+01 0.000000000000000000e+00 1.000000000000000000e+00 1.600000000000000000e+01 3.000000000000000000e+00
4.659999847412137797e+01 4.300000190734816208e+00 4.206388696824257745e-16 3.000000000000000000e+00 6.700000000000000000e+01 -3.500000000000000000e+00 -8.250000000000000000e+00 -5.000000000000000000e-01 -2.601451575756072998e-01 -2.400481328368186951e-02 1.000000000000000000e+00 3.000000000000000000e+00 1.900000000000000000e+01 1.900000000000000000e+01 1.100000000000000000e+01 3.000000000000000000e+00 1.600000000000000000e+01 3.000000000000000000e+00
4.659999847412137797e+01 -4.500000000000056843e+00 4.253831506435851650e-16 3.000000000000000000e+00 6.800000000000000000e+01 9.000000000000000000e+00 -7.500000000000000000e+00 -5.000000000000000000e-01 5.716151595115661621e-01 -5.519889667630195618e-02 1.000000000000000000e+00 3.000000000000000000e+00 1.900000000000000000e+01 2.000000000000000000e+01 1.600000000000000000e+01 1.000000000000000000e+00 1.600000000000000000e+01 3.000000000000000000e+00
4.520000076293973734e+01 -1.330000019073493078e+01 4.307623009027389944e-16 3.000000000000000000e+00 6.900000000000000000e+01 -1.000000000000000000e+00 -8.250000000000000000e+00 -5.000000000000000000e-01 -7.322656363248825073e-02 2.154675312340259552e-02 1.000000000000000000e+00 3.000000000000000000e+00 2.000000000000000000e+01 2.100000000000000000e+01 4.000000000000000000e+00 3.000000000000000000e+00 1.600000000000000000e+01 3.000000000000000000e+00
4.340000152587918336e+01 -1.929999923706062148e+01 4.348132988519509110e-16 1.000000000000000000e+00 7.000000000000000000e+01 7.500000000000000000e+00 -8.500000000000000000e+00 -5.000000000000000000e-01 -2.157490402460098267e-01 9.594368934631347656e-02 1.000000000000000000e+00 3.000000000000000000e+00 1.900000000000000000e+01 2.000000000000000000e+01 0.000000000000000000e+00 1.000000000000000000e+00 1.600000000000000000e+01 3.000000000000000000e+00
4.759999847412137797e+01 4.699999809265089645e+00 4.199697419467856479e-16 1.000000000000000000e+00 7.100000000000000000e+01 1.450000000000000000e+01 -8.250000000000000000e+00 -7.500000000000000000e-01 -2.873019874095916748e-01 -2.836805582046508789e-02 1.000000000000000000e+00 3.000000000000000000e+00 1.900000000000000000e+01 1.900000000000000000e+01 0.000000000000000000e+00 1.000000000000000000e+00 1.600000000000000000e+01 3.000000000000000000e+00
4.800000000000028422e+01 -1.000000014901687717e-01 4.223761391873447593e-16 0.000000000000000000e+00 7.200000000000000000e+01 3.500000000000000000e+00 -7.250000000000000000e+00 0.000000000000000000e+00 7.812181115150451660e-01 -1.627537771128118038e-03 1.000000000000000000e+00 3.000000000000000000e+00 2.000000000000000000e+01 2.000000000000000000e+01 0.000000000000000000e+00 1.000000000000000000e+00 1.600000000000000000e+01 3.000000000000000000e+00
4.840000152587919047e+01 6.699999809265092310e+00 4.185287118641577025e-16 3.000000000000000000e+00 7.300000000000000000e+01 -1.000000000000000000e+00 -8.250000000000000000e+00 -7.500000000000000000e-01 -3.128019869327545166e-01 -4.330109804868698120e-02 1.000000000000000000e+00 3.000000000000000000e+00 1.900000000000000000e+01 2.000000000000000000e+01 1.100000000000000000e+01 3.000000000000000000e+00 1.600000000000000000e+01 3.000000000000000000e+00
4.520000076293973734e+01 1.929999923706051490e+01 4.131868971224145689e-16 3.000000000000000000e+00 7.400000000000000000e+01 -3.500000000000000000e+00 -8.000000000000000000e+00 -5.000000000000000000e-01 -1.443386375904083252e-01 -6.163132190704345703e-02 1.000000000000000000e+00 3.000000000000000000e+00 2.000000000000000000e+01 2.000000000000000000e+01 4.000000000000000000e+00 3.000000000000000000e+00 1.600000000000000000e+01 3.000000000000000000e+00
4.920000076293973734e+01 1.100000023841806618e+00 4.211850168642885080e-16 1.000000000000000000e+00 7.500000000000000000e+01 0.000000000000000000e+00 -7.250000000000000000e+00 0.000000000000000000e+00 7.814923524856567383e-01 1.747239194810390472e-02 1.000000000000000000e+00 3.000000000000000000e+00 1.900000000000000000e+01 2.000000000000000000e+01 0.000000000000000000e+00 1.000000000000000000e+00 1.600000000000000000e+01 3.000000000000000000e+00
4.159999847412137086e+01 2.710000038146970169e+01 4.106142632307985753e-16 3.000000000000000000e+00 7.600000000000000000e+01 3.000000000000000000e+00 -8.500000000000000000e+00 -5.000000000000000000e-01 -5.453624725341796875e-01 -3.552722334861755371e-01 1.000000000000000000e+00 3.000000000000000000e+00 1.900000000000000000e+01 2.000000000000000000e+01 0.000000000000000000e+00 1.000000000000000000e+00 1.700000000000000000e+01 3.000000000000000000e+00
4.679999923706083109e+01 1.649999999999996447e+01 4.139708752143188055e-16 3.000000000000000000e+00 7.700000000000000000e+01 -3.000000000000000000e+00 -8.000000000000000000e+00 -5.000000000000000000e-01 -1.204802468419075012e-01 -4.247700795531272888e-02 1.000000000000000000e+00 3.000000000000000000e+00 1.900000000000000000e+01 2.000000000000000000e+01 4.000000000000000000e+00 3.000000000000000000e+00 1.600000000000000000e+01 3.000000000000000000e+00
4.120000076293973024e+01 -2.910000038146981183e+01 4.410943568830700857e-16 3.000000000000000000e+00 7.800000000000000000e+01 5.000000000000000000e-01 -8.500000000000000000e+00 -5.000000000000000000e-01 -8.986383676528930664e-02 6.347179412841796875e-02 1.000000000000000000e+00 3.000000000000000000e+00 2.000000000000000000e+01 2.100000000000000000e+01 0.000000000000000000e+00 1.000000000000000000e+00 1.700000000000000000e+01 3.000000000000000000e+00
5.000000000000028422e+01 -1.150000000000006573e+01 4.276151817666277328e-16 0.000000000000000000e+00 7.900000000000000000e+01 -4.500000000000000000e+00 -3.000000000000000000e+00 0.000000000000000000e+00 4.772579669952392578e+00 -1.097693324089050293e+00 1.000000000000000000e+00 3.000000000000000000e+00 2.000000000000000000e+01 2.100000000000000000e+01 4.000000000000000000e+00 3.000000000000000000e+00 1.600000000000000000e+01 3.000000000000000000e+00
4.620000076293973734e+01 -2.210000038146980472e+01 4.350531030525233772e-16 1.000000000000000000e+00 8.000000000000000000e+01 -5.000000000000000000e-01 -8.500000000000000000e+00 -5.000000000000000000e-01 -1.973423957824707031e-01 9.439972043037414551e-02 1.000000000000000000e+00 3.000000000000000000e+00 2.000000000000000000e+01 2.000000000000000000e+01 9.000000000000000000e+00 3.000000000000000000e+00 1.600000000000000000e+01 3.000000000000000000e+00
5.159999847412137797e+01 3.000000119208767191e-01 4.205279670211940430e-16 1.000000000000000000e+00 8.100000000000000000e+01 2.500000000000000000e+00 -7.500000000000000000e+00 0.000000000000000000e+00 5.314174294471740723e-01 3.089636564254760742e-03 1.000000000000000000e+00 3.000000000000000000e+00 2.000000000000000000e+01 2.000000000000000000e+01 0.000000000000000000e+00 1.000000000000000000e+00 1.600000000000000000e+01 3.000000000000000000e+00
5.240000152587919757e+01 7.099999904632523950e+00 4.164991474373186597e-16 3.000000000000000000e+00 8.200000000000000000e+01 5.000000000000000000e+00 -8.250000000000000000e+00 -7.500000000000000000e-01 -3.109657764434814453e-01 -4.213467612862586975e-02 1.000000000000000000e+00 3.000000000000000000e+00 1.900000000000000000e+01 2.000000000000000000e+01 0.000000000000000000e+00 1.000000000000000000e+00 1.600000000000000000e+01 3.000000000000000000e+00
5.359999847412138507e+01 1.149999999999996092e+01 4.135828337669963927e-16 1.000000000000000000e+00 8.300000000000000000e+01 9.000000000000000000e+00 -8.000000000000000000e+00 -7.500000000000000000e-01 -1.183770596981048584e-01 -2.539806254208087921e-02 1.000000000000000000e+00 3.000000000000000000e+00 1.900000000000000000e+01 1.900000000000000000e+01 9.000000000000000000e+00 3.000000000000000000e+00 1.600000000000000000e+01 3.000000000000000000e+00
4.579999923706083109e+01 3.170000076293943536e+01 4.062296866772605296e-16 3.000000000000000000e+00 8.400000000000000000e+01 3.500000000000000000e+00 -7.750000000000000000e+00 -5.000000000000000000e-01 -3.113337419927120209e-02 -2.154864557087421417e-02 1.000000000000000000e+00 3.000000000000000000e+00 2.000000000000000000e+01 2.000000000000000000e+01 0.000000000000000000e+00 1.000000000000000000e+00 1.700000000000000000e+01 3.000000000000000000e+00
5.500000000000029132e+01 1.010000038146968571e+01 4.137027344881928605e-16 1.000000000000000000e+00 8.500000000000000000e+01 1.150000000000000000e+01 -8.000000000000000000e+00 -7.500000000000000000e-01 -9.816660732030868530e-02 -1.802695915102958679e-02 1.000000000000000000e+00 3.000000000000000000e+00 1.900000000000000000e+01 2.000000000000000000e+01 0.000000000000000000e+00 1.000000000000000000e+00 1.600000000000000000e+01 3.000000000000000000e+00
5.679999923706083820e+01 1.010000038146968571e+01 4.128864729736946382e-16 3.000000000000000000e+00 8.600000000000000000e+01 2.150000000000000000e+01 -8.000000000000000000e+00 -7.500000000000000000e-01 -9.428868442773818970e-02 -1.676612347364425659e-02 1.000000000000000000e+00 3.000000000000000000e+00 1.900000000000000000e+01 2.000000000000000000e+01 0.000000000000000000e+00 1.000000000000000000e+00 1.600000000000000000e+01 3.000000000000000000e+00
5.879999923706083820e+01 9.899999618530232581e+00 4.120873403272246729e-16 1.000000000000000000e+00 8.700000000000000000e+01 2.500000000000000000e+00 -8.250000000000000000e+00 -7.500000000000000000e-01 -3.310539424419403076e-01 -5.573867261409759521e-02 1.000000000000000000e+00 3.000000000000000000e+00 1.900000000000000000e+01 2.000000000000000000e+01 9.000000000000000000e+00 3.000000000000000000e+00 1.600000000000000000e+01 3.000000000000000000e+00
6.120000076293975155e+01 6.900000095367387232e+00 4.126163587053276474e-16 1.000000000000000000e+00 8.800000000000000000e+01 1.350000000000000000e+01 -8.250000000000000000e+00 -7.500000000000000000e-01 -2.964583933353424072e-01 -3.342422842979431152e-02 1.000000000000000000e+00 3.000000000000000000e+00 1.900000000000000000e+01 2.000000000000000000e+01 9.000000000000000000e+00 3.000000000000000000e+00 1.600000000000000000e+01 3.000000000000000000e+00
6.320000076293975155e+01 6.499999999999954703e+00 4.119250502639163976e-16 1.000000000000000000e+00 8.900000000000000000e+01 -2.000000000000000000e+00 -8.250000000000000000e+00 -7.500000000000000000e-01 -2.900056540966033936e-01 -2.982652932405471802e-02 1.000000000000000000e+00 3.000000000000000000e+00 1.900000000000000000e+01 2.000000000000000000e+01 1.100000000000000000e+01 3.000000000000000000e+00 1.600000000000000000e+01 3.000000000000000000e+00
6.240000152587920468e+01 1.330000019073482598e+01 4.086217976555006002e-16 3.000000000000000000e+00 9.000000000000000000e+01 -3.000000000000000000e+00 -8.000000000000000000e+00 -7.500000000000000000e-01 -1.174695417284965515e-01 -2.503757737576961517e-02 1.000000000000000000e+00 3.000000000000000000e+00 2.100000000000000000e+01 2.100000000000000000e+01 9.000000000000000000e+00 3.000000000000000000e+00 1.600000000000000000e+01 3.000000000000000000e+00
6.400000000000029843e+01 8.699999809265094086e+00 4.103761974490402944e-16 3.000000000000000000e+00 9.100000000000000000e+01 -1.500000000000000000e+00 -8.000000000000000000e+00 -7.500000000000000000e-01 -6.577877700328826904e-02 -8.941802196204662323e-03 1.000000000000000000e+00 3.000000000000000000e+00 2.000000000000000000e+01 2.100000000000000000e+01 1.100000000000000000e+01 3.000000000000000000e+00 1.600000000000000000e+01 3.000000000000000000e+00
6.519999694824248593e+01 1.770000076293941760e+01 4.049799183218582081e-16 1.000000000000000000e+00 9.200000000000000000e+01 2.000000000000000000e+01 -8.000000000000000000e+00 -7.500000000000000000e-01 -1.536515057086944580e-01 -4.171214625239372253e-02 1.000000000000000000e+00 3.000000000000000000e+00 1.900000000000000000e+01 1.900000000000000000e+01 0.000000000000000000e+00 1.000000000000000000e+00 1.600000000000000000e+01 3.000000000000000000e+00
6.940000152587920468e+01 7.900000095367388120e+00 4.083587092812652092e-16 1.000000000000000000e+00 9.300000000000000000e+01 6.000000000000000000e+00 -8.000000000000000000e+00 -1.000000000000000000e+00 -7.845608144998550415e-02 -8.930879645049571991e-03 1.000000000000000000e+00 3.000000000000000000e+00 2.000000000000000000e+01 2.100000000000000000e+01 0.000000000000000000e+00 1.000000000000000000e+00 1.600000000000000000e+01 3.000000000000000000e+00
6.600000000000029843e+01 2.310000038146969814e+01 4.017058708405345759e-16 1.000000000000000000e+00 9.400000000000000000e+01 1.550000000000000000e+01 -8.000000000000000000e+00 -7.500000000000000000e-01 -1.975447535514831543e-01 -6.914066523313522339e-02 1.000000000000000000e+00 3.000000000000000000e+00 1.900000000000000000e+01 2.000000000000000000e+01 0.000000000000000000e+00 1.000000000000000000e+00 1.600000000000000000e+01 3.000000000000000000e+00
6.659999847412139218e+01 -2.470000076293953484e+01 4.272038558885686499e-16 1.000000000000000000e+00 9.500000000000000000e+01 3.000000000000000000e+00 -8.500000000000000000e+00 -7.500000000000000000e-01 -1.763555556535720825e-01 6.540513783693313599e-02 1.000000000000000000e+00 3.000000000000000000e+00 2.000000000000000000e+01 2.100000000000000000e+01 0.000000000000000000e+00 1.000000000000000000e+00 1.600000000000000000e+01 3.000000000000000000e+00
7.080000305175811093e+01 5.300000190734816208e+00 4.091255575464781710e-16 3.000000000000000000e+00 9.600000000000000000e+01 1.000000000000000000e+00 -8.250000000000000000e+00 -1.000000000000000000e+00 -2.899291515350341797e-01 -2.170373499393463135e-02 1.000000000000000000e+00 3.000000000000000000e+00 1.900000000000000000e+01 2.100000000000000000e+01 0.000000000000000000e+00 1.000000000000000000e+00 1.600000000000000000e+01 3.000000000000000000e+00
6.719999694824248593e+01 2.329999923706051845e+01 4.010538737028070585e-16 3.000000000000000000e+00 9.700000000000000000e+01 5.000000000000000000e-01 -8.000000000000000000e+00 -1.000000000000000000e+00 -2.732132375240325928e-01 -9.473019093275070190e-02 1.000000000000000000e+00 3.000000000000000000e+00 2.000000000000000000e+01 2.100000000000000000e+01 1.100000000000000000e+01 3.000000000000000000e+00 1.600000000000000000e+01 3.000000000000000000e+00
6.800000000000029843e+01 -2.250000000000007816e+01 4.253829142347892823e-16 3.000000000000000000e+00 9.800000000000000000e+01 -1.500000000000000000e+00 -8.250000000000000000e+00 -1.000000000000000000e+00 9.301627427339553833e-02 -3.077744320034980774e-02 1.000000000000000000e+00 3.000000000000000000e+00 2.000000000000000000e+01 2.100000000000000000e+01 4.000000000000000000e+00 3.000000000000000000e+00 1.600000000000000000e+01 3.000000000000000000e+00
7.080000305175811093e+01 1.169999980926509764e+01 4.056751716733518178e-16 1.000000000000000000e+00 9.900000000000000000e+01 -4.500000000000000000e+00 -8.000000000000000000e+00 -1.000000000000000000e+00 -1.260588914155960083e-01 -2.083176188170909882e-02 1.000000000000000000e+00 3.000000000000000000e+00 2.100000000000000000e+01 2.100000000000000000e+01 1.100000000000000000e+01 3.000000000000000000e+00 1.600000000000000000e+01 3.000000000000000000e+00
7.140000152587920468e+01 1.169999980926509764e+01 4.054030850784805443e-16 1.000000000000000000e+00 1.000000000000000000e+02 5.000000000000000000e-01 -8.000000000000000000e+00 -1.000000000000000000e+00 -1.247985586524009705e-01 -2.045018225908279419e-02 1.000000000000000000e+00 3.000000000000000000e+00 1.900000000000000000e+01 2.000000000000000000e+01 0.000000000000000000e+00 1.000000000000000000e+00 1.600000000000000000e+01 3.000000000000000000e+00
7.280000305175812514e+01 2.299999952316233554e+00 4.098359685266956208e-16 1.000000000000000000e+00 1.010000000000000000e+02 -1.500000000000000000e+00 -8.000000000000000000e+00 -1.000000000000000000e+00 5.396688356995582581e-04 1.704997521301265806e-05 1.000000000000000000e+00 3.000000000000000000e+00 2.000000000000000000e+01 2.100000000000000000e+01 9.000000000000000000e+00 3.000000000000000000e+00 1.600000000000000000e+01 3.000000000000000000e+00
6.800000000000029843e+01 -2.789999961853035870e+01 4.282941772831053969e-16 3.000000000000000000e+00 1.020000000000000000e+02 5.500000000000000000e+00 -8.500000000000000000e+00 -1.000000000000000000e+00 -5.951897427439689636e-02 2.442028373479843140e-02 1.000000000000000000e+00 3.000000000000000000e+00 1.900000000000000000e+01 2.000000000000000000e+01 0.000000000000000000e+00 1.000000000000000000e+00 1.600000000000000000e+01 3.000000000000000000e+00
7.359999847412140639e+01 1.899999976158091242e+00 4.096888366705272234e-16 1.000000000000000000e+00 1.030000000000000000e+02 -2.500000000000000000e+00 -8.000000000000000000e+00 -1.000000000000000000e+00 6.157077848911285400e-03 1.589462917763739824e-04 1.000000000000000000e+00 3.000000000000000000e+00 2.000000000000000000e+01 2.100000000000000000e+01 4.000000000000000000e+00 3.000000000000000000e+00 1.600000000000000000e+01 3.000000000000000000e+00
7.500000000000031264e+01 -1.700000047683770665e+00 4.109948078248188724e-16 1.000000000000000000e+00 1.040000000000000000e+02 1.700000000000000000e+01 -8.250000000000000000e+00 -1.000000000000000000e+00 -1.965683400630950928e-01 4.455549176782369614e-03 1.000000000000000000e+00 3.000000000000000000e+00 1.900000000000000000e+01 1.900000000000000000e+01 0.000000000000000000e+00 1.000000000000000000e+00 1.600000000000000000e+01 3.000000000000000000e+00
7.519999694824250014e+01 1.589999961853023791e+01 4.014155519097432438e-16 3.000000000000000000e+00 1.050000000000000000e+02 4.500000000000000000e+00 -8.000000000000000000e+00 -1.000000000000000000e+00 -1.669686436653137207e-01 -3.530320897698402405e-02 1.000000000000000000e+00 3.000000000000000000e+00 1.900000000000000000e+01 2.000000000000000000e+01 1.600000000000000000e+01 1.000000000000000000e+00 1.600000000000000000e+01 3.000000000000000000e+00
7.680000305175812514e+01 8.300000190734820649e+00 4.047873162037972613e-16 1.000000000000000000e+00 1.060000000000000000e+02 -1.000000000000000000e+00 -8.250000000000000000e+00 -1.000000000000000000e+00 -3.201297223567962646e-01 -3.459735587239265442e-02 1.000000000000000000e+00 3.000000000000000000e+00 2.000000000000000000e+01 2.100000000000000000e+01 4.000000000000000000e+00 3.000000000000000000e+00 1.600000000000000000e+01 3.000000000000000000e+00
7.540000152587921889e+01 1.870000076293942115e+01 3.998153095451613037e-16 3.000000000000000000e+00 1.070000000000000000e+02 -1.000000000000000000e+00 -8.000000000000000000e+00 -1.000000000000000000e+00 -1.978470087051391602e-01 -4.906816035509109497e-02 1.000000000000000000e+00 3.000000000000000000e+00 2.000000000000000000e+01 2.200000000000000000e+01 1.100000000000000000e+01 3.000000000000000000e+00 1.600000000000000000e+01 3.000000000000000000e+00
6.800000000000029843e+01 -3.909999847412118612e+01 4.343323523040026958e-16 3.000000000000000000e+00 1.080000000000000000e+02 3.000000000000000000e+00 -8.500000000000000000e+00 -1.000000000000000000e+00 6.816833466291427612e-02 -3.919679298996925354e-02 1.000000000000000000e+00 3.000000000000000000e+00 2.100000000000000000e+01 2.200000000000000000e+01 0.000000000000000000e+00 1.000000000000000000e+00 1.700000000000000000e+01 3.000000000000000000e+00
7.819999694824250014e+01 -3.099999904632624759e+00 4.102984488899383675e-16 3.000000000000000000e+00 1.090000000000000000e+02 1.100000000000000000e+01 -8.250000000000000000e+00 -1.000000000000000000e+00 -1.798712611198425293e-01 7.130446378141641617e-03 1.000000000000000000e+00 3.000000000000000000e+00 1.900000000000000000e+01 2.000000000000000000e+01 9.000000000000000000e+00 3.000000000000000000e+00 1.600000000000000000e+01 3.000000000000000000e+00
7.180000305175811093e+01 -3.209999847412117902e+01 4.288352716631984851e-16 1.000000000000000000e+00 1.100000000000000000e+02 5.000000000000000000e-01 -8.500000000000000000e+00 -1.000000000000000000e+00 -2.813176065683364868e-02 1.257701218128204346e-02 1.000000000000000000e+00 3.000000000000000000e+00 2.100000000000000000e+01 2.200000000000000000e+01 0.000000000000000000e+00 1.000000000000000000e+00 1.600000000000000000e+01 3.000000000000000000e+00
7.319999694824250014e+01 -2.910000038146981183e+01 4.265830366489529598e-16 3.000000000000000000e+00 1.110000000000000000e+02 -2.000000000000000000e+00 -8.500000000000000000e+00 -1.000000000000000000e+00 -7.076338678598403931e-02 2.813134714961051941e-02 1.000000000000000000e+00 3.000000000000000000e+00 2.100000000000000000e+01 2.200000000000000000e+01 1.100000000000000000e+01 3.000000000000000000e+00 1.600000000000000000e+01 3.000000000000000000e+00
7.080000305175811093e+01 -3.450000000000009237e+01 4.305826460767542179e-16 3.000000000000000000e+00 1.120000000000000000e+02 1.000000000000000000e+00 -8.500000000000000000e+00 -1.000000000000000000e+00 4.339536186307668686e-03 -2.114604460075497627e-03 1.000000000000000000e+00 3.000000000000000000e+00 2.100000000000000000e+01 2.200000000000000000e+01 1.100000000000000000e+01 3.000000000000000000e+00 1.600000000000000000e+01 3.000000000000000000e+00
7.119999694824248593e+01 -3.470000076293954550e+01 4.305090822962993370e-16 3.000000000000000000e+00 1.130000000000000000e+02 2.000000000000000000e+00 -8.500000000000000000e+00 -1.000000000000000000e+00 4.395522177219390869e-03 -2.142199780791997910e-03 1.000000000000000000e+00 3.000000000000000000e+00 2.000000000000000000e+01 2.100000000000000000e+01 0.000000000000000000e+00 1.000000000000000000e+00 1.600000000000000000e+01 3.000000000000000000e+00
7.919999694824250014e+01 -3.700000047683773108e+00 4.101684438505715822e-16 3.000000000000000000e+00 1.140000000000000000e+02 0.000000000000000000e+00 -8.250000000000000000e+00 -1.000000000000000000e+00 -1.728925853967666626e-01 8.077053353190422058e-03 1.000000000000000000e+00 3.000000000000000000e+00 2.000000000000000000e+01 2.100000000000000000e+01 1.100000000000000000e+01 3.000000000000000000e+00 1.600000000000000000e+01 3.000000000000000000e+00
7.700000000000031264e+01 -2.089999961853035160e+01 4.204390082070584606e-16 3.000000000000000000e+00 1.150000000000000000e+02 -3.500000000000000000e+00 -8.500000000000000000e+00 -1.000000000000000000e+00 -1.906013339757919312e-01 5.173464119434356689e-02 1.000000000000000000e+00 3.000000000000000000e+00 2.000000000000000000e+01 2.200000000000000000e+01 4.000000000000000000e+00 3.000000000000000000e+00 1.600000000000000000e+01 3.000000000000000000e+00
7.640000152587921889e+01 -3.029999923706063569e+01 4.257788491494867045e-16 1.000000000000000000e+00 1.160000000000000000e+02 2.500000000000000000e+00 -8.500000000000000000e+00 -1.000000000000000000e+00 -7.160304486751556396e-02 2.839754335582256317e-02 1.000000000000000000e+00 3.000000000000000000e+00 2.000000000000000000e+01 2.200000000000000000e+01 0.000000000000000000e+00 1.000000000000000000e+00 1.600000000000000000e+01 3.000000000000000000e+00
8.500000000000031264e+01 -1.500000000000054623e+00 4.063521951203989938e-16 1.000000000000000000e+00 1.170000000000000000e+02 2.000000000000000000e+00 -8.250000000000000000e+00 -1.000000000000000000e+00 -2.014902979135513306e-01 3.555711358785629272e-03 1.000000000000000000e+00 3.000000000000000000e+00 1.900000000000000000e+01 2.100000000000000000e+01 0.000000000000000000e+00 1.000000000000000000e+00 1.600000000000000000e+01 3.000000000000000000e+00
8.440000152587921889e+01 -1.510000038146979584e+01 4.139563523383481927e-16 3.000000000000000000e+00 1.180000000000000000e+02 6.000000000000000000e+00 -8.500000000000000000e+00 -1.000000000000000000e+00 -2.855183780193328857e-01 5.108208209276199341e-02 1.000000000000000000e+00 3.000000000000000000e+00 1.900000000000000000e+01 2.100000000000000000e+01 0.000000000000000000e+00 1.000000000000000000e+00 1.600000000000000000e+01 3.000000000000000000e+00
8.180000305175812514e+01 2.710000038146970169e+01 3.923844129376604959e-16 1.000000000000000000e+00 1.190000000000000000e+02 2.350000000000000000e+01 -8.000000000000000000e+00 -1.000000000000000000e+00 -2.622610628604888916e-01 -8.688600361347198486e-02 1.000000000000000000e+00 3.000000000000000000e+00 1.900000000000000000e+01 2.000000000000000000e+01 0.000000000000000000e+00 1.000000000000000000e+00 1.600000000000000000e+01 3.000000000000000000e+00
8.700000000000031264e+01 -1.100000023841912089e+00 4.052295883805785136e-16 3.000000000000000000e+00 1.200000000000000000e+02 1.550000000000000000e+01 -8.250000000000000000e+00 -1.000000000000000000e+00 -2.063880264759063721e-01 2.609503921121358871e-03 1.000000000000000000e+00 3.000000000000000000e+00 1.900000000000000000e+01 2.000000000000000000e+01 0.000000000000000000e+00 1.000000000000000000e+00 1.600000000000000000e+01 3.000000000000000000e+00
8.780000305175812514e+01 -4.300000190734921013e+00 4.065919970769394692e-16 3.000000000000000000e+00 1.210000000000000000e+02 1.900000000000000000e+01 -8.250000000000000000e+00 -1.250000000000000000e+00 -1.584502160549163818e-01 7.760090287774801254e-03 1.000000000000000000e+00 3.000000000000000000e+00 1.900000000000000000e+01 2.100000000000000000e+01 0.000000000000000000e+00 1.000000000000000000e+00 1.600000000000000000e+01 3.000000000000000000e+00
8.700000000000031264e+01 -1.530000019073493256e+01 4.128851325828593646e-16 3.000000000000000000e+00 1.220000000000000000e+02 8.500000000000000000e+00 -8.500000000000000000e+00 -1.000000000000000000e+00 -2.886944711208343506e-01 5.077040567994117737e-02 1.000000000000000000e+00 3.000000000000000000e+00 1.900000000000000000e+01 2.000000000000000000e+01 0.000000000000000000e+00 1.000000000000000000e+00 1.600000000000000000e+01 3.000000000000000000e+00
8.900000000000032685e+01 -1.299999952316338803e+00 4.044304552842294077e-16 3.000000000000000000e+00 1.230000000000000000e+02 0.000000000000000000e+00 -8.250000000000000000e+00 -1.250000000000000000e+00 -2.008164227008819580e-01 2.933273557573556900e-03 1.000000000000000000e+00 3.000000000000000000e+00 2.000000000000000000e+01 2.200000000000000000e+01 1.100000000000000000e+01 3.000000000000000000e+00 1.600000000000000000e+01 3.000000000000000000e+00
8.580000305175812514e+01 -2.410000038146980827e+01 4.181735867337613023e-16 3.000000000000000000e+00 1.240000000000000000e+02 -1.500000000000000000e+00 -8.500000000000000000e+00 -1.000000000000000000e+00 -1.811509728431701660e-01 5.088273063302040100e-02 1.000000000000000000e+00 3.000000000000000000e+00 2.000000000000000000e+01 2.200000000000000000e+01 4.000000000000000000e+00 3.000000000000000000e+00 1.600000000000000000e+01 3.000000000000000000e+00
